Pelvis Position;Instant Linear Accel
(-3.782, 0.4, -2.179);(0.0009027, -0.003376, 0.0139)
(-3.782, 0.5, -2.179);(0.001844, -0.006274, 0.01679)
(-3.782, 0.6, -2.179);(0.001586, -0.007489, 0.01506)
(-3.782, 0.7, -2.179);(0.001264, -0.007746, 0.01364)
(-3.782, 0.8, -2.179);(0.0009296, -0.007457, 0.01239)
(-3.782, 0.4, -2.079);(0.003671, -0.01245, 0.01623)
(-3.782, 0.5, -2.079);(0.003755, -0.01439, 0.01477)
(-3.782, 0.6, -2.079);(0.003115, -0.01502, 0.01361)
(-3.782, 0.7, -2.079);(0.002397, -0.01482, 0.01293)
(-3.782, 0.8, -2.079);(0.001741, -0.01411, 0.01249)
(-3.682, 0.4, -2.179);(0.002256, -0.01523, 0.01527)
(-3.682, 0.5, -2.179);(0.001804, -0.01566, 0.01512)
(-3.682, 0.6, -2.179);(0.001152, -0.01592, 0.0148)
(-3.682, 0.7, -2.179);(0.0006816, -0.01569, 0.01459)
(-3.682, 0.8, -2.179);(0.0003577, -0.01497, 0.01437)
(-3.682, 0.4, -2.079);(0.0007798, -0.01728, 0.01334)
(-3.682, 0.5, -2.079);(0.000724, -0.01816, 0.01212)
(-3.682, 0.6, -2.079);(0.0005344, -0.0184, 0.01166)
(-3.682, 0.7, -2.079);(0.0003369, -0.01807, 0.01167)
(-3.682, 0.8, -2.079);(0.0001634, -0.01725, 0.01185)
(-3.582, 0.4, -2.179);(-0.001663, -0.01696, 0.01364)
(-3.582, 0.5, -2.179);(-0.002415, -0.01672, 0.01366)
(-3.582, 0.6, -2.179);(-0.002476, -0.01678, 0.01375)
(-3.582, 0.7, -2.179);(-0.002278, -0.01655, 0.0139)
(-3.582, 0.8, -2.179);(-0.001997, -0.01585, 0.01399)
(-3.582, 0.4, -2.079);(-0.003254, -0.01744, 0.01272)
(-3.582, 0.5, -2.079);(-0.003302, -0.01815, 0.01167)
(-3.582, 0.6, -2.079);(-0.002929, -0.01838, 0.01136)
(-3.582, 0.7, -2.079);(-0.002474, -0.01808, 0.01148)
(-3.582, 0.8, -2.079);(-0.002044, -0.01731, 0.01174)
