0.776217
0.0072126
0.00559873
0.00402403
0.00374957
0.00416273
0.00394848
0.00394833
0.00506747
0.00510023
0.00505918
0.00506974
0.00393708
0.0048394
0.00385555
0.00432388
0.00458167
0.00402741
0.00444734
0.00432514
0.00491926
0.00534495
0.00384067
0.00511215
0.00514939
0.00389236
0.0049259
0.00422351
0.00404597
0.00442888
0.00503709
0.00502497
0.00380699
0.00501451
0.00498603
0.00388925
0.00435357
0.00925793
0.00411423
0.00504014
0.00493637
0.00405308
0.00403993
0.00455153
0.00460048
0.00461544
0.00393755
0.00400524
0.00486519
0.00884767
0.00394295
0.00391274
0.00472601
0.00404397
0.00651962
0.00399689
0.00414906
0.0043846
0.00457855
0.00536921
0.00538359
0.00396516
0.00518014
0.00523395
0.00538757
0.00385065
0.00870192
0.00379857
0.00392064
0.00501735
0.00509283
0.00509008
0.00443184
0.00552688
0.0039137
0.00436129
0.00448366
0.00506314
0.00432782
0.00448639
0.00524842
0.00517519
0.00528334
0.00406835
0.00523104
0.00571588
0.00410238
0.00532481
0.00524293
0.00532102
0.00510375
0.00407309
0.00537234
0.00532264
0.00450322
0.00561462
0.00523727
0.0051969
0.00551713
0.00531301
0.0044177
0.00529203
0.00542022
0.00496992
0.00633679
0.00518071
0.00381463
0.00626908
0.00413837
0.00532282
0.00418688
0.00927491
0.00504097
0.00382876
0.00410943
0.00956975
0.00404163
0.00829125
0.00401412
0.00685226
0.00423163
0.00401452
0.00399368
0.0037116
0.00411657
0.00543862
0.00525061
0.00383339
0.00531961
0.00428409
0.00401972
0.00528258
0.00528436
0.00548353
0.00534629
0.00435665
0.00409145
0.00395306
0.00569453
0.0043144
0.00391346
0.00437514
0.00545365
0.0045113
0.00449736
0.00414945
0.00519405
0.00396871
0.00439458
0.00426912
0.00524184
0.00562017
0.00413899
0.00532975
0.00553742
0.00551598
0.00565459
0.0041063
0.00533097
0.00507301
0.0043162
0.00459087
0.00459601
0.0061391
0.00546231
0.00411022
0.00523915
0.00417891
0.00573181
0.00557267
0.00412794
0.00468911
0.00475708
0.0058888
0.0056823
0.0082785
0.00430999
0.00547368
0.00562954
0.00884836
0.00449207
0.00777808
0.00416944
0.00640844
0.00416927
0.00559471
0.00553445
0.00565398
0.00548011
0.00556812
0.00412458
0.00548926
0.0040215
0.00474206
0.00430496
0.00491811
0.0049044
0.00547598
0.0054581
0.00571811
0.00556514
0.00546306
0.00541577
0.00408879
0.00416054
0.00552316
0.00560915
0.00591443
0.00430719
0.00599348
0.00520351
0.00439956
0.00421798
0.00876483
0.00624012
0.00449138
0.00460467
0.00467515
0.00503588
0.00591818
0.00453896
0.00453474
0.00481076
0.00576134
0.00589077
0.00455308
0.00449357
0.0048011
0.00429915
0.00578421
0.00435537
0.00605959
0.00573018
0.00428172
0.00464597
0.00423437
0.00452919
0.00499137
0.00476375
0.00570015
0.00572178
0.00570622
0.0055524
0.00426623
0.0044916
0.00428764
0.00595353
0.00569498
0.00612001
0.00444493
0.00488193
0.00560622
0.00591629
0.00774965
0.00475277
0.00574641
0.00436692
0.00488468
0.00588438
0.00537714
0.00589944
0.00429464
0.00582514
0.00584104
0.00565488
0.00423902
0.00507259
0.00426714
0.00495459
0.0054743
0.00435877
0.00494593
0.00564007
0.00438066
0.00582383
0.00423787
0.00458453
0.00560081
0.00463868
0.00583622
0.0059231
0.005885
0.00573369
0.00632219
0.0049916
0.0053109
0.00576147
0.00527763
0.00442973
0.00497765
0.00507691
0.00505899
0.00697504
0.00480281
0.00451574
0.00504328
0.00778551
0.00467123
0.00574928
0.004358
0.00613645
0.00585691
0.00573924
0.00698571
0.00568251
0.00433306
0.00426741
0.00485757
0.00586493
0.00434649
0.00582834
0.00578073
0.00512074
0.00434072
0.00551635
0.0049287
0.00603732
0.00641355
0.00480627
0.00456312
0.0043571
0.00501223
0.00578558
0.00446797
0.00503925
0.00425288
0.00428244
0.0050752
0.00441805
0.00416381
0.00442797
0.00447201
0.00446345
0.00530952
0.00501048
0.00515723
0.00584004
0.00601577
0.00608473
0.00577146
0.00448059
0.00453237
0.00446196
0.00442386
0.00580078
0.00605529
0.00599425
0.00638767
0.00643245
0.00623295
0.00576182
0.00565331
0.00459241
0.00603552
0.00644472
0.00667873
0.00454153
0.00458884
0.00537419
0.00465642
0.00614702
0.00598193
0.00594982
0.00581662
0.00821755
0.00482679
0.00444174
0.00498755
0.00464197
0.00603521
0.00601323
0.00593142
0.00571957
0.0057846
0.00618056
0.0064949
0.00519771
0.00585883
0.00575948
0.00446316
0.0060255
0.00501766
0.00507032
0.0058206
0.00440912
0.00597758
0.00584782
0.00438517
0.00621057
0.00604769
0.00560966
0.00442348
0.00622047
0.00519254
0.0050126
0.00493633
0.00460011
0.00507991
0.00603301
0.006392
0.00583423
0.00896426
0.00464397
0.00598213
0.004568
0.00438488
0.00449395
0.00433273
0.0060402
0.0045802
0.00514913
0.00436911
0.00462173
0.00505685
0.00645284
0.00633655
0.00584237
0.00484969
0.00525966
0.00609242
0.00626167
0.0060956
0.0045376
0.00595048
0.00496837
0.00451413
0.00458872
0.0052873
0.00576204
0.00459136
0.00534638
0.00463578
0.00521955
0.00579726
0.00453628
0.00547197
0.00436344
0.00469891
0.00460042
0.00443536
0.00615435
0.00620756
0.00614728
0.00612315
0.00476118
0.0042811
0.00621865
0.00467854
0.00614076
0.00633786
0.00595055
0.00618691
0.00607188
0.00460907
0.0045137
0.00628815
0.00468096
0.00628648
0.00463309
0.0060139
0.00585999
0.00618574
0.00516859
0.00565911
0.00627631
0.00604515
0.00459723
0.00462837
0.00448489
0.00655392
0.00510133
0.006025
0.00612915
0.00593399
0.00881618
0.00477132
0.00599294
0.00432399
0.00442409
0.00444991
0.00583012
0.00459489
0.00447742
0.00646064
0.00512154
0.00517992
0.00630338
0.00609792
0.00469198
0.00460443
0.00459342
0.00837554
0.00454884
0.00467834
0.00512771
0.00517436
0.00607065
0.0054899
0.00449345
0.00508679
0.0044739
0.00633242
0.00589157
0.00477652
0.00645448
0.00457244
0.00624285
0.00601478
0.00480613
0.00445988
0.00543137
0.00457931
0.00451205
0.00445767
0.0048413
0.00787913
0.00457849
0.00465263
0.00638438
0.00559944
0.00450685
0.00614189
0.00460834
0.00593057
0.00563822
0.00464112
0.00524245
0.0053627
0.00537669
0.00611324
0.00878804
0.00540631
0.00752793
0.00457675
0.00585157
0.00486122
0.00450746
0.00598275
0.00610614
0.00591157
0.00435598
0.00464888
0.00457028
0.00455103
0.00599626
0.0060394
0.00586302
0.0045366
0.00600848
0.00449409
0.00505877
0.00618031
0.00606516
0.0046127
0.00474004
0.00479428
0.00456929
0.00610771
0.0057356
0.00482609
0.00624927
0.00511949
0.00629459
0.0050368
0.00627601
0.00602781
0.00611036
0.00456624
0.00461991
0.0046538
0.00615107
0.00624382
0.00631864
0.00616783
0.00468906
0.00466086
0.00476124
0.00756927
0.00484479
0.00657422
0.00858898
0.00473579
0.01003
0.00491073
0.00482608
0.00560298
0.00456354
0.00766451
0.00465374
0.006448
0.00461438
0.00467518
0.00486962
0.00651184
0.00460723
0.00540598
0.00561265
0.00657956
0.00526788
0.00639388
0.00608213
0.00468965
0.00482046
0.00685558
0.00639339
0.00645801
0.00482428
0.00502052
0.00558204
0.00771981
0.00509231
0.0046815
0.00530234
0.00590063
0.00533664
0.00482465
0.0047375
0.00462214
0.00607032
0.00487806
0.00488213
0.00693426
0.00692599
0.00569911
0.00519673
0.00670825
0.00664524
0.0067498
0.00653588
0.0068875
0.00656028
0.0050015
0.00547304
0.00665022
0.00712498
0.00658616
0.00608036
0.00857098
0.00482731
0.00691087
0.00505325
0.00519813
0.00724153
0.00509551
0.00711948
0.00543572
0.00512967
0.00508809
0.00702157
0.00687754
0.00706523
0.00531668
0.00713538
0.00633216
0.00521939
0.00587298
0.00625928
0.00534687
0.00665164
0.00507672
0.00582685
0.00585896
0.00699716
0.0050307
0.00506806
0.00591338
0.00731813
0.00500416
0.00724348
0.00519244
0.00713515
0.00644534
0.00514913
0.0070078
0.00567635
0.00724986
0.00640714
0.0049052
0.00628791
0.00700529
0.00702656
0.00509443
0.00510693
0.00522931
0.00828554
0.00521971
0.0104889
0.00577666
0.00741827
0.00620296
0.00527241
0.00717438
0.00589631
0.00758478
0.00632088
0.00935703
0.00521527
0.0072165
0.00645992
0.00548909
0.00634533
0.00516474
0.00525379
0.00599999
0.0057954
0.0059971
0.00590937
0.00618484
0.00645519
0.00557199
0.00524737
0.00523495
0.00914419
0.00948754
0.00508659
0.00525016
0.00544517
0.00614053
0.00538758
0.00588397
0.00675387
0.00518425
0.00507807
0.00583341
0.00573013
0.00590038
0.00568152
0.00534817
0.00495721
0.00527785
0.0059145
0.00591936
0.00697553
0.00672926
0.00533842
0.00596869
0.00611503
0.00741037
0.005939
0.00612526
0.00728707
0.00622385
0.00508864
0.00517633
0.00563038
0.00741325
0.00701839
0.00921084
0.00724929
0.00695666
0.00550845
0.00604847
0.00617643
0.0061473
0.00736952
0.00684144
0.00518811
0.00631729
0.00624393
0.00544061
0.00514373
0.00559506
0.0057172
0.00544028
0.00522839
0.00539906
0.00712642
0.00573619
0.00566565
0.00547581
0.0067656
0.00568001
0.0073013
0.00529479
0.00520771
0.00723039
0.00570611
0.0079659
0.00534899
0.00550806
0.00586923
0.00574553
0.00542493
0.0060736
0.00617716
0.00590562
0.00648262
0.00524064
0.00587712
0.00841367
0.00586816
0.00658472
0.00529527
0.00607711
0.00561159
0.00542543
0.00713561
0.00535852
0.0070473
0.00603372
0.00723742
0.0070689
0.0054875
0.00546136
0.00615633
0.00547641
0.00614501
0.00541407
0.00700162
0.00755146
0.00591252
0.00556705
0.00532964
0.00549195
0.00529456
0.00738414
0.007775
0.00521312
0.00612022
0.00734938
0.00533567
0.00620432
0.00670352
0.00534362
0.00733024
0.00513436
0.00524899
0.00682797
0.00911885
0.00552539
0.00750803
0.00711119
0.00683564
0.00536595
0.00567233
0.00540305
0.00598316
0.00690946
0.00945573
0.00517993
0.00526095
0.00531153
0.00709076
0.00539201
0.00699161
0.00547742
0.00555144
0.00713379
0.00720254
0.00626186
0.00723132
0.0062275
0.00820846
0.00524139
0.0073158
0.00724199
0.00556894
0.00973557
0.00513301
0.00729086
0.00747757
0.0051313
0.0059797
0.00587137
0.00587078
0.00594224
0.00599904
0.00535825
0.00744662
0.00534339
0.00586401
0.00690445
0.00546788
0.0061682
0.00629238
0.00731547
0.00538349
0.00538588
0.00555959
0.00612805
0.00572858
0.00623793
0.00583109
0.00555353
0.00518981
0.00546746
0.0054989
0.00550149
0.00741251
0.00670314
0.00552523
0.00614596
0.00632447
0.00743103
0.00698864
0.00558412
0.00609734
0.00621789
0.00624477
0.00627492
0.0056013
0.00637243
0.00507677
0.00547597
0.00550333
0.00619669
0.0073408
0.00519224
0.00520923
0.00535885
0.00559357
0.0062735
0.00724147
0.00540254
0.00601236
0.00623417
0.00745641
0.00724125
0.00538415
0.00612569
0.0064599
0.00533074
0.00689569
0.0075776
0.00667622
0.00547074
0.00550101
0.00618855
0.0106379
0.00526918
0.0093687
0.0053631
0.00801217
0.00581655
0.00754359
0.00565506
0.00622679
0.00702135
0.00535163
0.00697275
0.00547924
0.00549541
0.00617034
0.00618619
0.00643466
0.00618552
0.00548024
0.00745094
0.00562237
0.0079062
0.00522701
0.00651057
0.00553508
0.00799463
0.00525743
0.00736763
0.00540035
0.00561416
0.0129103
0.00519838
0.00521282
0.00543863
0.00587532
0.00510844
0.00704667
0.00700244
0.0056697
0.00641776
0.00536882
0.00557175
0.00617659
0.00579584
0.00618307
0.00621949
0.00756978
0.00711454
0.00552914
0.00615013
0.00663636
0.00543069
0.00552629
0.00539598
0.00588253
0.00631963
0.00592649
0.00588593
0.00529709
0.00537581
0.00608523
0.00568729
0.00626101
0.00641539
0.00804555
0.00527234
0.00674354
0.00539836
0.00539959
0.00605793
0.00619647
0.00730759
0.00543328
0.0114575
0.0053143
0.00733446
0.00570042
0.00966348
0.00527164
0.00820291
0.00556307
0.00730712
0.00656613
0.00552077
0.00736337
0.00716983
0.00546303
0.00556247
0.00658088
0.00516333
0.00545555
0.00603519
0.00971517
0.00543149
0.00888764
0.00552361
0.00705579
0.00530168
0.00551854
0.00613711
0.00611194
0.00752585
0.00686408
0.00559467
0.0062536
0.00611302
0.00718737
0.0052222
0.00559149
0.00647843
0.00535369
0.00541806
0.00507067
0.00547634
0.00544355
0.00561427
0.00636365
0.00746221
0.00567287
0.00633291
0.00644442
0.00587107
0.00622291
0.00628251
0.00625577
0.00623483
0.00581843
0.00626939
0.00626013
0.0073912
0.00518567
0.00555829
0.00575591
0.00541818
0.00576243
0.00554074
0.0054946
0.00627056
0.0134424
0.00535908
0.0108003
0.00526152
0.0052252
0.00549459
0.0054738
0.0061532
0.00706978
0.00544648
0.00614764
0.00618762
0.00738448
0.00555794
0.00543977
0.0054471
0.00515937
0.00553067
0.00560953
0.00559034
0.00620468
0.00689972
0.00554997
0.00617129
0.00620085
0.00628828
0.00640332
0.00549773
0.00604967
0.0064243
0.00590486
0.00703277
0.00540195
0.00626927
0.00639965
0.00577257
0.00652474
0.00543606
0.0060677
0.00741639
0.00564669
0.0061556
0.00636443
0.00797167
0.00571573
0.0148241
0.0052489
0.0137847
0.00544878
0.0117491
0.0054852
0.0103607
0.00567116
0.00732544
0.0060095
0.00554699
0.00560165
0.00636481
0.00970164
0.00562561
0.0078489
0.00558319
0.00698021
0.00597765
0.0056702
0.00553892
0.0102178
0.00532775
0.00891286
0.00532264
0.00723389
0.00544224
0.00898139
0.00544675
0.0071984
0.0069258
0.00549113
0.0074413
0.00573415
0.00616905
0.00542166
0.00521106
0.00744519
0.0120086
0.00541596
0.0104638
0.00559153
0.00909051
0.00553127
0.00551437
0.0063297
0.00565654
