0.000717728
0.123512
0.000155065
0.000339839
0.000145765
0.000152426
0.000202463
0.000321539
0.000177262
0.000141304
0.000137251
0.000145965
0.000143738
0.000144119
0.000193015
0.000142685
0.000136051
0.00017385
0.000182692
0.000177359
0.000171843
0.000170511
0.000174059
0.000177522
0.00020819
0.000175293
0.00017595
0.000169017
0.000187661
0.00015092
0.000177823
0.00020201
0.000206088
0.000168304
0.000176287
0.000172024
0.000317716
0.000135112
0.000175026
0.000177671
0.000173786
0.000178813
0.000147638
0.000170261
0.000174405
0.000178065
0.000198657
0.000138503
0.000154316
0.000179659
0.000173358
0.000171289
0.000319657
0.000132075
0.000167989
0.000186609
0.000339421
0.00015912
0.000146209
0.000174672
0.000155033
0.00015396
0.000142262
0.000199882
0.000193641
0.000185101
0.000203368
0.000192706
0.000182691
0.000182785
0.000145323
0.000147449
0.000229198
0.000145464
0.000246765
0.000177457
0.00020386
0.000201018
0.000161984
0.000158141
0.000205567
0.000270227
0.0001567
0.000151207
0.000159229
0.000205748
0.000168097
0.000210536
0.00019831
0.000167034
0.000171744
0.000348744
0.000173692
0.000172703
0.000158572
0.000177553
0.000171138
0.000209639
0.000239215
0.00031441
0.000194182
0.000178982
0.000555927
0.000308598
0.000151209
0.000167921
0.000134102
0.000178189
0.000152899
0.000183347
0.000206474
0.00019079
0.000161162
0.000195174
0.000218186
0.000173963
0.00017122
0.000158429
0.000213397
0.000139714
0.000166654
0.000236818
0.000180147
0.000246809
0.000149388
0.000194433
0.00019911
0.000185857
0.000355489
0.000201665
0.00015586
0.00016588
0.000174341
0.000154287
0.000202819
0.000145603
0.000172861
0.000177396
0.000225178
0.000177833
0.000177187
0.000205461
0.000157448
0.000207178
0.000173565
0.000132438
0.000196259
0.000154347
0.000157641
0.000167761
0.000164937
0.000156077
0.000168406
0.000148287
0.000161015
0.000186622
0.000166598
0.000165106
0.000235571
0.000171245
0.000154477
0.000345395
0.000149103
0.000183517
0.000226518
0.000198377
0.000142274
0.000156146
0.000156549
0.000152521
0.00039878
0.000193279
0.000186643
0.000206298
0.000150737
0.0001756
0.000161506
0.000186646
0.000203131
0.000162318
0.000187664
0.000218662
0.000200287
0.000192095
0.000191275
0.00017474
0.000170765
0.000160869
0.000157381
0.000185844
0.000189612
0.000190601
0.00018727
0.000159335
0.000193178
0.000191847
0.000192503
0.000183664
0.000149707
0.000209963
0.000217604
0.000143507
0.000189848
0.000144321
0.000223188
0.000190141
0.000196809
0.000320957
0.000205378
0.000152317
0.00019452
0.000319592
0.000153091
0.000307592
0.000194129
0.000188341
0.000188935
0.000183498
0.00019557
0.000224424
0.000201622
0.00016114
0.000148197
0.000193386
0.000364914
0.000144966
0.000166196
0.000187401
0.000207385
0.000180818
0.000159274
0.000171642
0.000184317
0.000157831
0.000202328
0.000182282
0.000307429
0.000141824
0.000184679
0.000162522
0.000221134
0.000163348
0.000235726
0.000168371
0.000206275
0.000172919
0.000326086
0.000206116
0.000151314
0.00031981
0.000149051
0.000159112
0.000240598
0.000235266
0.00019922
0.000201832
0.000204159
0.000315379
0.000156157
0.000234936
0.000169809
0.000155325
0.000190929
0.000198876
0.000209159
0.000186251
0.000181977
0.00018868
0.000298868
0.00018573
0.00025887
0.000329708
0.000150909
0.00019636
0.000153359
0.00018199
0.000170069
0.000194397
0.000259797
0.000170905
0.000194188
0.00020006
0.000186071
0.000146869
0.000166665
0.000232655
0.000311501
0.00031651
0.000145751
0.000153601
0.000239289
0.000191547
0.000191558
0.000201682
0.000197094
0.00020602
0.000165718
0.000182484
0.000184659
0.000186685
0.000160646
0.000189381
0.000200592
0.000142388
0.000186505
0.00020024
0.000189359
0.000193411
0.000167465
0.000152209
0.000149193
0.000186238
0.00017932
0.000163662
0.000185865
0.00018522
0.000137643
0.000157666
0.000189548
0.000351083
0.000158886
0.000152174
0.000186072
0.000190914
0.000188614
0.000156219
0.000199061
0.000308181
0.000146427
0.000187184
0.000194102
0.000155005
0.000198003
0.00019043
0.000204248
0.000378664
0.000158311
0.000316004
0.000146124
0.000207201
0.000175636
0.000342939
0.000169677
0.000160616
0.000194436
0.000333845
0.000149568
0.000330415
0.000154045
0.000162275
0.000186904
0.000190929
0.000165525
0.000168984
0.000148289
0.000158747
0.000194395
0.000184302
0.000200176
0.000163436
0.000188935
0.000143895
0.000183196
0.000160058
0.000184985
0.000180116
0.000173465
0.000156756
0.000186886
0.000195639
0.000152246
0.000190985
0.000194807
0.000191879
0.00020328
0.000196297
0.000185124
0.000182812
0.000160411
0.000170681
0.00015971
0.000205679
0.000204961
0.000167617
0.000149426
0.000159782
0.000190974
0.000191062
0.000169044
0.000194791
0.000183435
0.000196127
0.000192988
0.000162079
0.000163269
0.000184189
0.000143698
0.000195205
0.000168825
0.00016534
0.000197919
0.000254913
0.000194457
0.000352621
0.000314499
0.00017612
0.000322512
0.000148484
0.000318451
0.000153563
0.000151881
0.00019609
0.000192741
