4,0.26287
4,0.00407417
4,0.00446316
4,0.0042659
4,0.00490412
4,0.00444391
4,0.00351321
4,0.00651622
4,0.0038
4,0.00412203
4,0.00439812
4,0.00424869
4,0.00654124
4,0.0037684
4,0.00383337
4,0.00413722
4,0.00646464
4,0.00366146
4,0.00515735
4,0.00364876
4,0.00364526
4,0.00426704
4,0.00438234
4,0.00449541
4,0.00434396
4,0.0042199
4,0.00439586
4,0.0042326
4,0.00366415
4,0.00424305
4,0.00452684
4,0.00438135
4,0.00442728
4,0.00367443
4,0.00657111
4,0.00378362
4,0.00351168
4,0.00656367
4,0.00383816
4,0.00365315
4,0.00434627
4,0.00377375
4,0.00366928
4,0.00337158
4,0.00445523
4,0.00403744
4,0.00659567
4,0.00367074
4,0.00362611
4,0.00417888
4,0.00409575
4,0.00379841
4,0.00480148
4,0.0034495
4,0.00647636
4,0.00383425
4,0.00652806
4,0.00377668
4,0.00364827
4,0.00456766
4,0.00370311
4,0.00405193
4,0.00444103
4,0.00470461
4,0.00459512
4,0.0045443
4,0.00666259
4,0.00372723
4,0.00656826
4,0.00381768
4,0.00661851
4,0.00374314
4,0.00645014
4,0.00369938
4,0.00665648
4,0.00372245
4,0.00658761
4,0.0036207
4,0.00384617
4,0.00637286
4,0.00362765
4,0.00379179
4,0.00418674
4,0.003635
4,0.00450346
4,0.00495363
4,0.00450365
4,0.0043123
4,0.00369389
4,0.00425466
4,0.0043457
4,0.00431865
4,0.0043609
4,0.00364118
4,0.00430496
4,0.00448314
4,0.00449197
4,0.00440124
4,0.00367645
4,0.00393399
4,0.00604224
4,0.00366943
4,0.00635344
4,0.00367144
4,0.00413203
4,0.00455832
4,0.00375226
4,0.00650544
4,0.00382839
4,0.00372328
4,0.00416296
4,0.00442062
4,0.00365998
4,0.00422173
4,0.00363681
4,0.00408832
4,0.0065127
4,0.00368623
4,0.00671761
4,0.00378812
4,0.00662122
4,0.00361706
4,0.00441226
4,0.00645828
4,0.00390167
4,0.00389339
4,0.00453771
4,0.00371857
4,0.00415161
4,0.00442677
4,0.00389361
4,0.00645543
4,0.00374266
4,0.00408921
4,0.00645333
4,0.00370001
4,0.00487403
4,0.00640177
4,0.00363575
4,0.00365491
4,0.00431759
4,0.00400358
4,0.00428366
4,0.00436414
4,0.00367442
4,0.00431978
4,0.00436643
4,0.00440949
4,0.00431725
4,0.00366309
4,0.0064967
4,0.00378338
4,0.00373111
4,0.00638667
4,0.00369616
4,0.00405923
4,0.00439464
4,0.00449919
4,0.00451326
4,0.00377605
4,0.00399094
4,0.0043409
4,0.00373054
4,0.00437505
4,0.00438011
4,0.00436668
4,0.00434528
4,0.00364265
4,0.00450638
4,0.0045076
4,0.00444843
4,0.00440363
4,0.00384012
4,0.004382
4,0.00453127
4,0.00655471
4,0.00369649
4,0.00369319
4,0.00409452
4,0.00439622
4,0.00374483
4,0.00439611
4,0.00438644
4,0.00646992
4,0.00379345
4,0.00665781
4,0.00371268
4,0.00656814
4,0.00382044
4,0.00657947
4,0.00380162
4,0.00664779
4,0.00373527
4,0.00644601
4,0.00354653
4,0.00673707
4,0.00376993
4,0.00655803
4,0.00364382
4,0.00510021
4,0.003765
4,0.00430966
4,0.00435564
4,0.00438822
4,0.00384391
4,0.00622192
4,0.0035796
4,0.00365095
4,0.00432952
4,0.00419696
4,0.00438569
4,0.00439505
4,0.00654363
4,0.00347131
4,0.00643208
4,0.00383284
4,0.00360541
4,0.00377551
4,0.00453257
4,0.00376844
4,0.00403739
4,0.00427994
4,0.00657448
4,0.00385545
4,0.00368858
4,0.00447138
4,0.00441171
4,0.00450897
4,0.00621538
4,0.00377421
4,0.0065909
4,0.00374509
4,0.00378456
4,0.00428494
4,0.00378923
4,0.00393691
4,0.00434927
4,0.00446531
4,0.00456024
4,0.00643652
4,0.00372678
4,0.00657105
4,0.00390604
4,0.00451263
4,0.00653371
4,0.00366985
4,0.00664801
4,0.00376557
4,0.00446417
4,0.0065678
4,0.00368852
4,0.00634065
4,0.00366387
4,0.00365744
4,0.00433363
4,0.00452028
4,0.00434443
4,0.00433551
4,0.00366747
4,0.00640886
4,0.00365525
4,0.00366176
4,0.00633849
4,0.00391961
4,0.00398156
4,0.00654426
4,0.00358365
4,0.00674214
4,0.00368258
4,0.00684973
4,0.00657714
4,0.00660908
4,0.00364613
4,0.00634024
4,0.0034813
4,0.00654727
4,0.00632825
4,0.00376775
4,0.00623474
4,0.00647936
4,0.00372152
4,0.00383391
4,0.00385164
4,0.00446673
4,0.00469688
4,0.00645693
4,0.00377353
4,0.00371419
4,0.00449747
4,0.00382758
4,0.0041943
4,0.00439007
4,0.00456775
4,0.00445376
4,0.00664694
4,0.00369608
4,0.00421098
4,0.00646166
4,0.00388358
4,0.00387671
4,0.00428111
4,0.00368254
4,0.00443405
4,0.00463247
4,0.00450083
4,0.00460009
4,0.0036942
4,0.0043839
4,0.004399
4,0.00439092
4,0.00434968
4,0.00366752
4,0.0041672
4,0.00436295
4,0.00435812
4,0.00446146
4,0.00380396
4,0.00408602
4,0.00617002
4,0.00364586
4,0.00638433
4,0.0036681
4,0.00383713
4,0.00459865
4,0.00367155
4,0.00665524
4,0.0034812
4,0.00656817
4,0.00369144
4,0.00641439
4,0.00363745
4,0.00367837
4,0.00450538
4,0.00449881
4,0.00452599
4,0.00617614
4,0.00367531
4,0.00438257
4,0.00446351
4,0.00394461
4,0.00423499
4,0.00365853
4,0.00438267
4,0.00424857
4,0.00384697
4,0.00437645
4,0.00386002
4,0.00435217
4,0.00653214
4,0.00375672
4,0.00687294
4,0.0036964
4,0.00552337
4,0.00642838
4,0.00391147
4,0.00639511
4,0.0037549
4,0.00369757
4,0.00439469
4,0.00543787
4,0.00643199
4,0.00376763
4,0.00367154
4,0.00648835
4,0.00379488
4,0.00368945
4,0.00433641
4,0.00364964
4,0.0041859
4,0.00659234
4,0.00360023
4,0.00391137
4,0.00391072
4,0.00602639
4,0.00366163
4,0.00459353
4,0.00444577
4,0.00436522
4,0.00432299
4,0.00376753
4,0.0039787
4,0.00457327
4,0.00440168
4,0.00454397
4,0.00368993
4,0.004162
4,0.0050027
4,0.00668293
4,0.00410992
4,0.00423698
4,0.0035528
4,0.00402265
4,0.00354632
4,0.00365096
4,0.00365197
4,0.00433266
4,0.00359985
4,0.00438949
4,0.00428065
4,0.00431776
4,0.00428983
4,0.00397914
4,0.00442134
4,0.00443806
4,0.00383088
4,0.00381603
4,0.00451711
4,0.00418232
4,0.00599987
4,0.00420816
4,0.00370652
4,0.00647215
4,0.00381509
4,0.00651728
4,0.00412776
4,0.00434345
4,0.00447037
4,0.0065516
4,0.00715529
4,0.00442976
4,0.0065184
4,0.00362881
4,0.00439622
4,0.00420322
4,0.00427145
4,0.00418383
4,0.00428415
4,0.00424771
4,0.00449059
4,0.00377285
4,0.00379255
4,0.0037305
4,0.00352281
4,0.00431637
4,0.00381604
4,0.00637938
4,0.00418357
4,0.00372342
4,0.00376946
4,0.00416808
4,0.00412737
4,0.00357569
4,0.0041632
4,0.00440338
4,0.00356783
4,0.00391988
4,0.0037584
4,0.00425434
4,0.00431144
4,0.00420003
4,0.00418498
4,0.00419996
4,0.00408638
4,0.00420927
4,0.00418407
4,0.00420508
4,0.004396
4,0.00392824
4,0.00391847
4,0.00442825
4,0.00553581
4,0.00423763
4,0.00380095
4,0.00427021
4,0.00422812
4,0.00365771
4,0.00439326
4,0.00445712
4,0.00642636
4,0.00372422
4,0.00380097
4,0.00652139
4,0.00381947
4,0.00661971
4,0.00414961
4,0.00425883
4,0.00430441
4,0.00422331
4,0.00371232
4,0.00430916
4,0.00444469
4,0.00438477
4,0.00452685
4,0.00382061
4,0.00449854
4,0.00368567
4,0.00648033
4,0.00337338
4,0.00359402
4,0.00366798
4,0.00431589
4,0.00373611
4,0.0040445
4,0.00384174
4,0.00435169
4,0.00440551
4,0.0036816
4,0.00367562
4,0.00404684
4,0.00414511
4,0.00443052
4,0.00363568
4,0.00370559
4,0.00420502
4,0.00378936
4,0.00387926
4,0.00648714
4,0.00436927
4,0.00443779
4,0.00451514
4,0.00434384
4,0.00453091
4,0.00421628
4,0.0037332
4,0.00367679
4,0.00411234
4,0.00374685
4,0.004234
4,0.00377581
4,0.00436759
4,0.00438653
4,0.00446335
4,0.00466505
4,0.00376805
4,0.0041662
4,0.00372911
4,0.0065816
4,0.00445305
4,0.00435448
4,0.00646685
4,0.00364825
4,0.00378268
4,0.00373415
4,0.00379031
4,0.00458432
4,0.00448605
4,0.00660853
4,0.00434116
4,0.00438483
4,0.00677218
4,0.00381117
4,0.0042342
4,0.00440507
4,0.00450617
4,0.00442428
4,0.00652988
4,0.00352992
4,0.00691803
4,0.00359771
4,0.00652829
4,0.00347539
4,0.00679122
4,0.00370892
4,0.00681446
4,0.00359781
4,0.00397742
4,0.00361586
4,0.00376279
4,0.00411036
4,0.00359491
4,0.00362113
4,0.00407257
4,0.00424075
4,0.00385535
4,0.00357502
4,0.00376192
4,0.00449699
4,0.00372489
4,0.00354872
4,0.00409816
4,0.00413285
4,0.00430968
4,0.00433449
4,0.00472053
4,0.00373028
4,0.00445392
4,0.00648952
4,0.00363944
4,0.00367108
4,0.00657505
4,0.00427707
4,0.00382332
4,0.00364028
4,0.00366066
4,0.00367772
4,0.00459206
4,0.00373757
4,0.00402568
4,0.00418976
4,0.00710268
4,0.00382827
4,0.00362865
4,0.00619739
4,0.00364932
4,0.00379267
4,0.00443146
4,0.00652127
4,0.00582458
4,0.00426981
4,0.0053928
4,0.00454218
4,0.006614
4,0.00368285
4,0.00367144
4,0.00441789
4,0.00352401
4,0.00357523
4,0.00414626
4,0.00352186
4,0.00356516
4,0.00389372
4,0.00402117
4,0.00457324
4,0.00361935
4,0.00354311
4,0.0036161
4,0.00348848
4,0.00354613
4,0.00360222
4,0.00363475
4,0.0037034
4,0.00359219
4,0.0035748
4,0.00373741
4,0.00437587
4,0.00618547
4,0.00374366
4,0.0039695
4,0.00564401
4,0.00381868
4,0.00372948
4,0.00426468
4,0.0037306
4,0.00415999
4,0.00409559
4,0.00420582
4,0.00354681
4,0.00388525
4,0.00411979
4,0.00392529
4,0.00432982
4,0.00419646
4,0.00438215
4,0.00440741
4,0.00447971
4,0.00430605
4,0.00418949
4,0.00427369
4,0.00441824
4,0.00375591
4,0.0064606
4,0.00372537
4,0.0037943
4,0.00443845
4,0.00380662
4,0.0066979
4,0.00377145
4,0.00645337
4,0.00359374
4,0.00375085
4,0.00438585
4,0.00449763
4,0.00490402
4,0.00443762
4,0.00375545
4,0.00397181
4,0.00441075
4,0.0044364
4,0.00443176
4,0.00456552
4,0.00680208
4,0.00482043
4,0.0044452
4,0.00373917
4,0.00368783
4,0.0037407
4,0.00428123
4,0.00353476
4,0.00388981
4,0.00357354
4,0.00371872
4,0.00423293
4,0.00366597
4,0.00365844
4,0.00363847
4,0.00349247
4,0.00416026
4,0.00417518
4,0.00423096
4,0.0042089
4,0.00363058
4,0.00363657
4,0.00408101
4,0.00426282
4,0.00417219
4,0.00356547
4,0.00409765
4,0.00384406
4,0.00367196
4,0.00384674
4,0.00386042
4,0.00645572
4,0.00367525
4,0.00381997
4,0.00444926
4,0.00508407
4,0.00464186
4,0.00449974
4,0.00444123
4,0.00505243
4,0.00443573
4,0.00453776
4,0.00462253
4,0.00378269
4,0.0043324
4,0.00576896
4,0.00360701
4,0.00419525
4,0.00403351
4,0.00643616
4,0.00373088
4,0.00370065
4,0.004439
4,0.00431716
4,0.00447251
4,0.00443827
4,0.00370045
4,0.00405965
4,0.0039045
4,0.00433041
4,0.00441979
4,0.00380513
4,0.00471635
4,0.00641264
4,0.0034978
4,0.00648951
4,0.00375904
4,0.00381763
4,0.00359578
4,0.00359562
4,0.00408731
4,0.00426196
4,0.00351386
4,0.0036446
4,0.0037134
4,0.00395714
4,0.00373671
4,0.00358824
4,0.00389982
4,0.00441254
4,0.00447782
4,0.0044093
4,0.00676263
4,0.00341767
4,0.00390137
4,0.00440633
4,0.00370137
4,0.0040631
4,0.00354253
4,0.00351511
4,0.00430043
4,0.00425134
4,0.00400175
4,0.00426977
4,0.00352787
4,0.00373233
4,0.00441646
4,0.0044119
4,0.00387864
4,0.00358202
4,0.004194
4,0.00390368
4,0.00381198
4,0.00655236
4,0.0037581
4,0.00396909
4,0.00434701
4,0.00439201
4,0.00441985
4,0.00377332
4,0.00664703
4,0.00479699
4,0.00352429
4,0.00391679
4,0.00422939
4,0.00436453
4,0.00441692
4,0.00381078
4,0.00427438
4,0.00378232
4,0.0064458
4,0.00337264
4,0.00361132
4,0.00363037
4,0.00409242
4,0.00408924
4,0.00354064
4,0.00366705
4,0.00407033
4,0.00440379
4,0.00355902
4,0.00640034
4,0.00352123
4,0.00408543
4,0.00356969
4,0.00414632
4,0.00418914
4,0.0041652
4,0.00393984
4,0.00424474
4,0.00411066
4,0.00422922
4,0.00410541
4,0.00348826
4,0.00389209
4,0.00356633
4,0.00441479
4,0.00432748
4,0.00421079
4,0.00431883
4,0.00427067
4,0.00427614
4,0.0042268
4,0.0037607
4,0.00457808
4,0.0035978
4,0.00433424
4,0.00439683
4,0.00391908
4,0.00387134
4,0.00463829
4,0.00476776
4,0.00441967
4,0.00458336
4,0.00442375
4,0.00454869
4,0.00376405
4,0.00392703
4,0.00662061
4,0.00363253
4,0.00656663
4,0.00377143
4,0.00446937
4,0.00445769
4,0.00377952
4,0.00388945
4,0.00441676
4,0.00379791
4,0.00666877
4,0.00642483
4,0.00340317
4,0.00456036
4,0.00428547
4,0.00367728
4,0.00377926
4,0.00365573
4,0.00419827
4,0.00421287
4,0.00418755
4,0.00414532
4,0.00414032
4,0.0036438
4,0.00411079
4,0.00412984
4,0.00382816
4,0.00425138
4,0.0044177
4,0.00448265
4,0.00447823
4,0.00449137
4,0.00666831
4,0.00375759
4,0.00359961
4,0.0044734
4,0.00355575
4,0.00440323
4,0.0041754
4,0.00406042
4,0.00410666
4,0.00355105
4,0.00406957
4,0.00414934
4,0.00429312
4,0.00376901
4,0.00397145
4,0.00438837
4,0.00472299
4,0.00441167
4,0.00489128
4,0.00371511
4,0.00409927
4,0.0044085
4,0.00458264
4,0.00458578
4,0.00375321
4,0.00390313
4,0.00465124
4,0.00372563
4,0.00383992
4,0.00394949
4,0.00658159
4,0.0040736
4,0.00382377
4,0.00457792
4,0.00440096
4,0.00407627
4,0.00380503
4,0.00437996
4,0.00444357
4,0.00651083
4,0.00369672
4,0.00661363
4,0.00362669
4,0.00657763
4,0.0035975
4,0.00355553
4,0.00362957
4,0.00377993
4,0.00372241
4,0.00408088
4,0.00437515
4,0.00409009
4,0.00389837
4,0.00357442
4,0.00412126
4,0.00408146
4,0.00405062
4,0.00366188
4,0.00378995
4,0.00364875
4,0.00369607
4,0.0063872
4,0.00334171
4,0.00355157
4,0.00355541
4,0.00413921
4,0.00403157
4,0.00354526
4,0.00387252
4,0.00375076
4,0.00421867
4,0.00359971
4,0.00425314
4,0.0045078
4,0.00631138
4,0.00369825
4,0.00671024
4,0.00429156
4,0.00424115
4,0.00642175
4,0.00364024
4,0.00438542
4,0.00407778
4,0.00374536
4,0.00646482
4,0.00378199
4,0.00378906
4,0.00448366
4,0.00374309
4,0.00566468
4,0.00374458
4,0.00384136
4,0.00655856
4,0.00361519
4,0.00383494
4,0.00435834
4,0.00445627
4,0.00458099
4,0.00479004
4,0.00384207
4,0.00616745
4,0.00364322
4,0.00368227
4,0.00364536
4,0.00386016
4,0.00418751
4,0.00369997
4,0.00369948
4,0.0038037
4,0.00366429
4,0.0042508
4,0.0041543
4,0.00422024
4,0.00414857
4,0.00418095
4,0.00415747
4,0.00428724
4,0.00413736
4,0.00443875
4,0.00453327
4,0.00444372
4,0.00375513
4,0.00433722
4,0.00432732
4,0.00667029
4,0.00360134
4,0.00442256
4,0.00627569
4,0.00677816
4,0.00343653
4,0.00348898
4,0.0041628
4,0.00418169
4,0.00362202
4,0.0038753
4,0.00420445
4,0.0042827
4,0.00436588
4,0.00666298
4,0.00363033
4,0.00446164
4,0.00462202
4,0.00454729
4,0.00510965
4,0.00373071
4,0.00451262
4,0.0065351
4,0.00374227
4,0.00382576
4,0.00431326
4,0.00448911
4,0.00378175
4,0.00445825
4,0.00441359
4,0.00432891
4,0.00388857
4,0.00658987
4,0.00385476
4,0.00452708
4,0.00439905
4,0.00449415
4,0.00444488
4,0.00441376
4,0.00655533
4,0.00381654
4,0.00644614
4,0.00371663
4,0.00446676
4,0.00355543
4,0.00365694
4,0.00364644
4,0.00359499
4,0.00369672
4,0.00417716
4,0.00410703
4,0.00425131
4,0.00423548
4,0.00421229
4,0.00416421
4,0.0042423
4,0.00439981
4,0.00367309
4,0.00375247
4,0.00366909
4,0.00430166
4,0.00371265
4,0.00422555
4,0.00383706
4,0.00377863
4,0.00368901
4,0.00446679
4,0.00368037
4,0.00418304
4,0.00447184
4,0.00678087
4,0.00372865
4,0.00381469
4,0.00404692
4,0.00440438
4,0.00378252
4,0.00472921
4,0.00441637
4,0.00455888
4,0.00649633
4,0.0037704
4,0.00422307
4,0.0065186
4,0.00421979
4,0.00444733
4,0.00448357
4,0.00450005
4,0.00498234
4,0.00447424
4,0.00383036
4,0.00651872
4,0.00362895
4,0.00367422
4,0.00361023
4,0.00647353
4,0.00415603
4,0.00783091
4,0.00332268
4,0.00436605
4,0.00650058
4,0.00358415
4,0.0042362
4,0.00363284
4,0.00366605
4,0.00407773
4,0.00369188
4,0.00361481
4,0.0036987
4,0.00363298
4,0.00432118
4,0.00421311
4,0.00442568
4,0.00464108
4,0.0046344
4,0.00445427
4,0.00391821
4,0.0065853
4,0.00448363
4,0.00666758
4,0.00356995
4,0.00436863
4,0.00640581
4,0.00355478
4,0.00419174
4,0.00426093
4,0.00419441
4,0.00434288
4,0.00418484
4,0.00434603
4,0.00430692
4,0.00362074
4,0.00389353
4,0.00388908
4,0.00403834
4,0.00443457
4,0.00381335
4,0.00438075
4,0.0067517
4,0.00434444
4,0.00478853
4,0.00655717
4,0.00434467
4,0.00391783
4,0.0065363
4,0.00362732
4,0.00421185
4,0.00440539
4,0.00429781
4,0.00425178
4,0.00419675
4,0.00445218
4,0.00442289
4,0.00436501
4,0.00447085
4,0.00655351
4,0.00621672
4,0.0065799
4,0.0038374
4,0.00666364
4,0.00337121
4,0.00340412
4,0.00417089
4,0.00410914
4,0.00354116
4,0.00431427
4,0.00353314
4,0.00429213
4,0.00431785
4,0.00365756
4,0.00365154
4,0.00413964
4,0.00414307
4,0.0037475
4,0.00416627
4,0.00418385
4,0.00438272
4,0.00438945
4,0.00404841
4,0.00521113
4,0.00357751
4,0.00364052
4,0.00377015
4,0.00378941
4,0.00389543
4,0.00367573
4,0.00449455
4,0.00675767
4,0.00657629
4,0.00420852
4,0.00427259
4,0.00423383
4,0.00441606
4,0.00449551
4,0.00665721
4,0.00416321
4,0.0042986
4,0.00381737
4,0.00448245
4,0.00462148
4,0.00448737
4,0.00379242
4,0.00443564
4,0.00456819
4,0.00384633
4,0.00400695
4,0.00395148
4,0.00387743
4,0.0045233
4,0.00371911
4,0.00651643
4,0.0037885
4,0.00378355
4,0.00445618
4,0.00380964
4,0.0044728
4,0.00666805
4,0.00342138
4,0.00423161
4,0.00369043
4,0.00433775
4,0.00414754
4,0.00416203
4,0.00568795
4,0.00356186
4,0.00353908
4,0.00406115
4,0.00373231
4,0.00368373
4,0.00387016
4,0.00428613
4,0.00361903
4,0.00425674
4,0.00447481
4,0.00443806
4,0.00424869
4,0.0037257
4,0.00383022
4,0.00456112
4,0.00650898
4,0.00377395
4,0.00404686
4,0.00395064
4,0.00435094
4,0.00367407
4,0.00440271
4,0.00438314
4,0.00417134
4,0.00411414
4,0.00369373
4,0.00421285
4,0.00446404
4,0.00442164
4,0.0044379
4,0.00680744
4,0.00374274
4,0.00485298
4,0.00650794
4,0.00377109
4,0.00379523
4,0.00443809
4,0.00447644
4,0.0043907
4,0.00445852
4,0.00691397
4,0.0036734
4,0.00368929
4,0.00441475
4,0.00652541
4,0.00438282
4,0.00672887
4,0.00364835
4,0.00357536
4,0.00389141
4,0.00391127
4,0.00431924
4,0.00445073
4,0.00374592
4,0.00660798
4,0.00373472
4,0.00417554
4,0.004313
4,0.00359549
4,0.00353041
4,0.00414597
4,0.00349395
4,0.00375925
4,0.0037721
4,0.00405771
4,0.00423193
4,0.00426642
4,0.00443191
4,0.00416474
4,0.00355185
4,0.00407187
4,0.00364747
4,0.00435578
4,0.0043191
4,0.00430724
4,0.00415284
4,0.00414545
4,0.00419991
4,0.00419454
4,0.00423614
4,0.00415347
4,0.0035876
4,0.00430446
4,0.00427266
4,0.00428601
4,0.00434039
4,0.00712028
4,0.00358887
4,0.00375136
4,0.00391706
4,0.00390346
4,0.00395656
4,0.00651351
4,0.00363605
4,0.00377541
4,0.00660889
4,0.00361202
4,0.00382745
4,0.00457886
4,0.00438594
4,0.00385525
4,0.00397058
4,0.00411824
4,0.00439307
4,0.00370801
4,0.00446587
4,0.00447107
4,0.00438922
4,0.00443211
4,0.00367559
4,0.00448422
4,0.0047144
4,0.00449759
4,0.00444014
4,0.0037244
4,0.00386852
4,0.00611322
4,0.00407085
4,0.00416404
4,0.00353235
4,0.00390413
4,0.00419346
4,0.00427911
4,0.0065292
4,0.00339446
4,0.00440829
4,0.00351102
4,0.00426177
4,0.00427857
4,0.0042643
4,0.0044504
4,0.00443815
4,0.00444075
4,0.0044444
4,0.00453731
4,0.00643496
4,0.00440745
4,0.0044516
4,0.00465105
4,0.00421221
4,0.00418266
4,0.0040692
4,0.0040016
4,0.00417692
4,0.00356696
4,0.00373803
4,0.00362559
4,0.00395408
4,0.00440262
4,0.00366127
4,0.00378549
4,0.00377115
4,0.00383172
4,0.0044117
4,0.00376946
4,0.00642811
4,0.00371657
4,0.00399299
4,0.00447801
4,0.00666004
4,0.00365315
4,0.00451982
4,0.00444168
4,0.00443658
4,0.00371112
4,0.00456387
4,0.00426596
4,0.00489563
4,0.00368533
4,0.00387325
4,0.00662401
4,0.00363536
4,0.00682926
4,0.00366366
4,0.00456154
4,0.00672181
4,0.00358729
4,0.00368394
4,0.00382849
4,0.0036409
4,0.00366007
4,0.00376152
4,0.00374176
4,0.00360159
4,0.00356015
4,0.00392669
4,0.00358981
4,0.0035709
4,0.00445076
4,0.00439856
4,0.00437106
4,0.00468157
4,0.00381291
4,0.00456864
4,0.00433928
4,0.00425706
4,0.00417467
4,0.00350961
4,0.00405243
4,0.00410656
4,0.00368557
4,0.0043754
4,0.00424466
4,0.00713406
4,0.0036993
4,0.00450008
4,0.00438751
4,0.00366158
4,0.00644888
4,0.00417016
4,0.00425967
4,0.00376713
4,0.00372551
4,0.00452938
4,0.00378745
4,0.00446675
4,0.00447297
4,0.004407
4,0.00394433
4,0.0044242
4,0.00380918
4,0.00441286
4,0.00360484
4,0.00430127
4,0.00430791
4,0.00428356
4,0.00437127
4,0.00427746
4,0.00429456
4,0.00441694
4,0.00379168
4,0.00657527
4,0.00472217
4,0.00450687
4,0.00370727
4,0.00443337
4,0.00441695
4,0.00430244
4,0.00372617
4,0.00416886
4,0.00432518
4,0.00437326
4,0.0045839
4,0.00357804
4,0.00355899
4,0.00416689
4,0.00368287
4,0.00422864
4,0.00409412
4,0.00379994
4,0.00367053
4,0.00429599
4,0.00450436
4,0.00445488
4,0.00384268
4,0.00447955
4,0.00380102
4,0.00648706
4,0.00435485
4,0.00437868
4,0.00676168
4,0.00388172
4,0.00369616
4,0.0035718
4,0.00357798
4,0.00394604
4,0.00406967
4,0.00410431
4,0.00358438
4,0.00434365
4,0.0043828
4,0.00360955
4,0.00416544
4,0.00430897
4,0.00389637
4,0.00429267
4,0.00426149
4,0.0042916
4,0.00431777
4,0.00424145
4,0.00751463
4,0.00382292
4,0.00663701
4,0.00359997
4,0.00447333
4,0.00431312
4,0.00651012
4,0.00365036
4,0.0066899
4,0.00382669
4,0.00666256
4,0.00368172
4,0.00646893
4,0.00362507
4,0.00668865
4,0.00365182
4,0.00672617
4,0.00381132
4,0.00652461
4,0.00348105
4,0.00438792
4,0.00635469
4,0.00368554
4,0.00640825
4,0.00371107
4,0.00389701
4,0.00430926
4,0.00435406
4,0.00436321
4,0.00435249
4,0.00364759
4,0.00428602
4,0.00419473
4,0.00391811
4,0.00446194
4,0.00651729
4,0.00366461
4,0.00652771
4,0.00369629
4,0.00648128
4,0.00354234
4,0.00665684
4,0.00375369
4,0.00654675
4,0.00360656
4,0.00659753
4,0.00384157
4,0.00445332
4,0.00448495
4,0.00372214
4,0.00424289
4,0.00440759
4,0.0045632
4,0.00445688
4,0.00373386
4,0.00641859
4,0.003782
4,0.00372077
4,0.00439915
4,0.0044676
4,0.00653625
4,0.00387566
4,0.00453771
4,0.00445258
4,0.00381246
4,0.00441681
4,0.00670021
4,0.0036616
4,0.00497789
4,0.00372043
4,0.0064564
4,0.00381527
4,0.006543
4,0.00364559
4,0.00644587
4,0.00340569
4,0.00681718
4,0.00503346
4,0.00415061
4,0.00420939
4,0.00466344
4,0.00455118
4,0.00405825
4,0.00419791
4,0.00438911
4,0.0036922
4,0.00421611
4,0.00444572
4,0.00448247
4,0.00442719
4,0.00371756
4,0.0040717
4,0.00450436
4,0.00458175
4,0.0043255
4,0.00364387
4,0.00412349
4,0.00434909
4,0.00365232
4,0.00433945
4,0.00433591
4,0.00379478
4,0.00376357
4,0.00384845
4,0.00447146
4,0.00440855
4,0.00454419
4,0.00670489
4,0.00381039
4,0.00376852
4,0.00583786
4,0.00369331
4,0.00641607
4,0.00377697
4,0.00404131
4,0.00459475
4,0.00446032
4,0.00455084
4,0.00370621
4,0.00400689
4,0.00636968
4,0.00433278
4,0.00422734
4,0.00668298
4,0.00376673
4,0.00667
4,0.00376361
4,0.00688376
4,0.00369356
4,0.00643573
4,0.00350029
4,0.00427807
4,0.00639085
4,0.00368869
4,0.00387476
4,0.00451838
4,0.00365912
4,0.00429561
4,0.00433515
4,0.00366998
4,0.00647533
4,0.00367905
4,0.00403394
4,0.00459643
4,0.00653187
4,0.00355278
4,0.00363323
4,0.00392667
4,0.00436684
4,0.00439256
4,0.00434451
4,0.00433408
4,0.00459299
4,0.00445588
4,0.00366936
4,0.00429249
4,0.00661918
4,0.00367406
4,0.00475191
4,0.00398339
4,0.00432365
4,0.00444924
4,0.00441163
4,0.00646167
4,0.0037895
4,0.00666851
4,0.00370434
4,0.00655258
4,0.00359197
4,0.0063921
4,0.00372336
4,0.0066389
4,0.00384731
4,0.00383141
4,0.00648669
4,0.00390061
4,0.00650075
4,0.00373944
4,0.00369875
4,0.00410496
4,0.00451795
4,0.00367892
4,0.0041319
4,0.00442344
4,0.00442776
4,0.00617876
4,0.00367177
4,0.00634923
4,0.00367822
4,0.00383862
4,0.00437285
4,0.00382654
4,0.00629487
4,0.00366767
4,0.00370846
4,0.00659545
4,0.00369866
4,0.0063829
4,0.00400248
4,0.00639944
4,0.0038097
4,0.00369519
4,0.00412317
4,0.0044665
4,0.00374501
4,0.00440385
4,0.00442752
4,0.00452378
4,0.00449401
4,0.00664406
4,0.00366995
4,0.0065292
4,0.0035005
4,0.00656655
4,0.00362501
4,0.00389454
4,0.00671678
4,0.00387425
4,0.00646399
4,0.00375248
4,0.00370013
4,0.00640962
4,0.00368698
4,0.00396903
4,0.00442601
4,0.00378505
4,0.00438283
4,0.0045102
4,0.00449106
4,0.0044495
4,0.00458544
4,0.00438821
4,0.00435906
4,0.00450456
4,0.00452037
4,0.00388221
4,0.0064975
4,0.00376159
4,0.00385482
4,0.00426652
4,0.00373649
4,0.00419551
4,0.00446004
4,0.00463963
4,0.00453123
4,0.00687987
4,0.00358927
4,0.00449277
4,0.0064303
4,0.00360235
4,0.00355555
4,0.00417785
4,0.00365474
4,0.00425385
4,0.00434831
4,0.00444479
4,0.00435474
4,0.00365632
4,0.00641172
4,0.00370562
4,0.00364007
4,0.00639272
4,0.0037138
4,0.00641408
4,0.00378795
4,0.00386159
4,0.00642409
4,0.00371948
4,0.00638006
4,0.00368765
4,0.0036458
4,0.00640133
4,0.00371375
4,0.00393445
4,0.00386032
4,0.00438639
4,0.00432099
4,0.00652194
4,0.00650431
4,0.00390027
4,0.00380703
4,0.00407713
4,0.00640503
4,0.0037526
4,0.00371414
4,0.00645889
4,0.00376194
4,0.00446074
4,0.00360916
4,0.00446903
4,0.00442715
4,0.00449134
4,0.00366374
4,0.00661091
4,0.00380221
4,0.00659151
4,0.00646378
4,0.00349144
4,0.00618119
4,0.0036829
4,0.0063985
4,0.00372277
4,0.00653943
4,0.00376256
4,0.00369481
4,0.00449573
4,0.00435855
4,0.00436878
4,0.00637382
4,0.00374579
4,0.00640222
4,0.00369749
4,0.00368538
4,0.00383219
4,0.00427702
4,0.00431123
4,0.00437362
4,0.00442983
4,0.00436235
4,0.00434667
4,0.00453075
4,0.00440545
4,0.00661946
4,0.00351015
4,0.00667563
4,0.0037791
4,0.00658692
4,0.00369634
4,0.00681602
4,0.00362332
4,0.00461415
4,0.00413086
4,0.00433347
4,0.00434845
4,0.00432669
4,0.00446593
4,0.00374476
4,0.00450615
4,0.00458929
4,0.00439596
4,0.00439796
4,0.00444883
4,0.00631822
4,0.00652439
4,0.00371859
4,0.00662331
4,0.00372506
4,0.00646478
4,0.00384827
4,0.00660617
4,0.00388584
4,0.00653487
4,0.0037393
4,0.00676305
4,0.00371883
4,0.0065633
4,0.0038437
4,0.00673552
4,0.00371649
4,0.00550467
4,0.00379136
4,0.00447223
4,0.00369553
4,0.00436849
4,0.00438705
4,0.00447538
4,0.00655365
4,0.00367478
4,0.0064377
4,0.00370801
4,0.0036404
4,0.00433475
4,0.00436497
4,0.00436947
4,0.00457765
4,0.00422881
4,0.00433771
4,0.00436547
4,0.0043774
4,0.00435642
4,0.00365844
4,0.0043384
4,0.0037633
4,0.00393639
4,0.00663791
4,0.00375136
4,0.00412084
4,0.00432349
4,0.00436409
4,0.0043703
4,0.00366869
4,0.00398718
4,0.00435386
4,0.00445394
4,0.00435507
4,0.00440239
4,0.00657372
4,0.00377338
4,0.00430574
4,0.00355329
4,0.00382127
4,0.00388713
4,0.00435776
4,0.00375613
4,0.00432383
4,0.00439311
4,0.00440789
4,0.00450143
4,0.00384243
4,0.0041517
4,0.00365799
4,0.00396297
4,0.00444663
4,0.00445634
4,0.00465131
4,0.00438919
4,0.00371111
4,0.00434266
4,0.00442999
4,0.00450136
4,0.00434249
4,0.00452096
4,0.00644461
4,0.00362971
4,0.00379602
4,0.00439404
4,0.00640787
4,0.00352923
4,0.00663077
4,0.00368896
4,0.00365836
4,0.00401148
4,0.00437295
4,0.00365493
4,0.00473988
4,0.00450295
4,0.00443653
4,0.00441514
4,0.00441128
4,0.00424699
4,0.00451426
4,0.00664274
4,0.00372155
4,0.00647002
4,0.00369393
4,0.00675671
4,0.0037393
4,0.00644106
4,0.00356956
4,0.00655938
4,0.00367281
4,0.00644484
4,0.00377005
4,0.00677367
4,0.00369446
4,0.00637989
4,0.00388702
4,0.00667038
4,0.00371274
4,0.00641852
4,0.00377428
4,0.00373324
4,0.00401596
4,0.0044322
4,0.00366346
4,0.00452567
4,0.00448889
4,0.00652201
4,0.00370607
4,0.00368983
4,0.00651914
4,0.00381094
4,0.00376311
4,0.00455855
4,0.00368553
4,0.00419689
4,0.00439633
4,0.00464493
4,0.00446583
4,0.00372317
4,0.00441923
4,0.00650767
4,0.00375347
4,0.0066243
4,0.00362637
4,0.00659053
4,0.00367767
4,0.00644933
4,0.00369644
4,0.00653998
4,0.00356972
4,0.00654374
4,0.00367342
4,0.00653262
4,0.00360296
4,0.00488782
4,0.00449812
4,0.00371796
4,0.00637573
4,0.00371233
4,0.00363013
4,0.00434906
4,0.00463849
4,0.00440011
4,0.00424391
4,0.00379123
4,0.00439785
4,0.0044105
4,0.00669432
4,0.00367605
4,0.00667546
4,0.00376936
4,0.00664428
4,0.00386694
4,0.00663175
4,0.00363869
4,0.00672889
4,0.00379172
4,0.00648525
4,0.00359854
4,0.00638271
4,0.00377655
4,0.00668676
4,0.00372503
4,0.00656659
4,0.00365203
4,0.00663822
4,0.0037281
4,0.00650783
4,0.00367886
4,0.00666733
4,0.00371009
4,0.00646019
4,0.00351523
4,0.00424765
4,0.00636849
4,0.00365312
4,0.00391337
4,0.00431325
4,0.00366217
4,0.00431935
4,0.00645739
4,0.00363811
4,0.00667759
4,0.00372465
4,0.00663975
4,0.00370415
4,0.0064772
4,0.00369864
4,0.00669703
4,0.00386562
4,0.00646436
4,0.00354036
4,0.00680788
4,0.0036704
4,0.00355717
4,0.00365806
4,0.00397595
4,0.00422176
4,0.00421219
4,0.00390112
4,0.00397084
4,0.00424751
4,0.00460447
4,0.00438799
4,0.0046338
4,0.00447682
4,0.00456488
4,0.00405465
4,0.00423186
4,0.00442038
4,0.00362157
4,0.00440535
4,0.00438055
4,0.00459646
4,0.00441932
4,0.00369512
4,0.00655876
4,0.00383485
4,0.00451457
4,0.00444525
4,0.00378869
4,0.00409603
4,0.00437926
4,0.00453087
4,0.00440027
4,0.00372826
4,0.00645485
4,0.00377136
4,0.00368999
4,0.00438778
4,0.00444884
4,0.00652529
4,0.00368555
4,0.00433338
4,0.00438369
4,0.00436724
4,0.00655363
4,0.00366781
4,0.00641786
4,0.00359638
4,0.006595
4,0.00367955
4,0.00467275
4,0.00368162
4,0.00437977
4,0.00440948
4,0.00432314
4,0.00452077
4,0.00456544
4,0.00446477
4,0.00650887
4,0.00367301
4,0.00368754
4,0.00381711
4,0.00438724
4,0.00362995
4,0.00415343
4,0.00436344
4,0.00639397
4,0.00372728
4,0.00370269
4,0.00414283
4,0.00446545
4,0.0065562
4,0.00383932
4,0.0037233
4,0.00395888
4,0.00644136
4,0.00371452
4,0.00658444
4,0.00380683
4,0.00381114
4,0.00452924
4,0.003677
4,0.00423834
4,0.00652305
4,0.00374903
4,0.00678837
4,0.00375445
4,0.00663404
4,0.00371327
4,0.00652677
4,0.00375492
4,0.0043281
4,0.00642244
4,0.00374561
4,0.00378071
4,0.00423762
4,0.0044903
4,0.00436112
4,0.00438475
4,0.00436612
4,0.00438699
4,0.00365488
4,0.00637705
4,0.00371036
4,0.00641029
4,0.00360276
4,0.00366505
4,0.0040609
4,0.00434112
4,0.00440581
4,0.00433284
4,0.00647825
4,0.00359979
4,0.00416224
4,0.0037221
4,0.00682995
4,0.00367888
4,0.00376175
4,0.00651581
4,0.0034984
4,0.00433954
4,0.00663778
4,0.00366342
4,0.00457635
4,0.00645457
4,0.00390059
4,0.00394803
4,0.00441996
4,0.00655271
4,0.00370397
4,0.00368911
4,0.00381735
4,0.00453216
4,0.00367113
4,0.00417584
4,0.00439701
4,0.00440483
4,0.00442033
4,0.00385616
4,0.00410488
4,0.00446363
4,0.00446871
4,0.00455859
4,0.00366549
4,0.00391702
4,0.00445629
4,0.00368041
4,0.00444617
4,0.00443692
4,0.00456366
4,0.00440646
4,0.00370469
4,0.0042008
4,0.00453908
4,0.00449774
4,0.00437907
4,0.00364974
4,0.00402498
4,0.00442337
4,0.00422748
4,0.00454696
4,0.00437111
4,0.00437654
4,0.00436877
4,0.00364423
4,0.00436092
4,0.00437414
4,0.00443026
4,0.00361098
4,0.00359527
4,0.0038456
4,0.00657729
4,0.00343332
4,0.00383613
4,0.00438232
4,0.00410501
4,0.00435375
4,0.00432834
4,0.00376561
4,0.00370978
4,0.0045809
4,0.00436275
4,0.00435308
4,0.00673938
4,0.00390215
4,0.00457137
4,0.00655486
4,0.00374447
4,0.00406207
4,0.00444748
4,0.00368034
4,0.00429448
4,0.00442257
4,0.00445282
4,0.00434374
4,0.00366032
4,0.00416203
4,0.00440997
4,0.00658565
4,0.00374553
4,0.00374447
4,0.00654362
4,0.00377041
4,0.00387246
4,0.00386775
4,0.00438641
4,0.00667746
4,0.00374652
4,0.00651566
4,0.00373444
4,0.00671365
4,0.00372387
4,0.00643627
4,0.00356973
4,0.00638798
4,0.00365414
4,0.00365607
4,0.00392108
4,0.00445035
4,0.00441604
4,0.00435777
4,0.00445084
4,0.00439036
4,0.00436063
4,0.00366353
4,0.00440897
4,0.00452515
4,0.00465039
4,0.00442782
4,0.00370723
4,0.00415388
4,0.00665637
4,0.00370374
4,0.00675665
4,0.00367347
4,0.00669264
4,0.00367806
4,0.00646658
4,0.00354959
4,0.00662738
4,0.00367205
4,0.00645054
4,0.00361633
4,0.00680367
4,0.00369985
4,0.00660011
4,0.00378014
4,0.00654931
4,0.00358639
4,0.00667572
4,0.00369578
4,0.00657938
4,0.00367865
4,0.00432858
4,0.00644968
4,0.00654534
4,0.00363468
4,0.00468314
4,0.00640861
4,0.00372355
4,0.00402106
4,0.00441318
4,0.00369035
4,0.00436394
4,0.00442446
4,0.0045238
4,0.00437852
4,0.00365396
4,0.0040504
4,0.00619304
4,0.0039031
4,0.00641499
4,0.00369227
4,0.00376654
4,0.00610878
4,0.00657171
4,0.00367296
4,0.00645191
4,0.0034909
4,0.0044078
4,0.00638593
4,0.00372858
4,0.00367646
4,0.0043061
4,0.00388905
4,0.00392663
4,0.00381023
4,0.0065564
4,0.00379441
4,0.00368359
4,0.00401255
4,0.006166
4,0.00369711
4,0.00437734
4,0.00649143
4,0.00357855
4,0.00463053
4,0.00643098
4,0.00382083
4,0.00412922
4,0.00450929
4,0.00661767
4,0.00380347
4,0.00649532
4,0.00376816
4,0.00365565
4,0.00397946
4,0.00440984
4,0.00456114
4,0.0044644
4,0.00441644
4,0.00451936
4,0.00638155
4,0.00387256
4,0.0066119
4,0.00376271
4,0.00659403
4,0.00372661
4,0.00648426
4,0.00375712
4,0.00663037
4,0.00372073
4,0.00647668
4,0.00381707
4,0.00670382
4,0.00368005
4,0.00646581
4,0.00354383
4,0.00643917
4,0.00377155
4,0.00364399
4,0.00385344
4,0.00423732
4,0.00356484
4,0.00643403
4,0.00377395
4,0.00374099
4,0.00421015
4,0.00370332
4,0.00384233
4,0.00442197
4,0.00464209
4,0.00427663
4,0.00385856
4,0.00411149
4,0.0044338
4,0.0065023
4,0.00349698
4,0.00662998
4,0.00390063
4,0.00664122
4,0.00364169
4,0.00642137
4,0.00354141
4,0.00642195
4,0.00364889
4,0.00385629
4,0.00380928
4,0.00450188
4,0.00374504
4,0.00426873
4,0.00654055
4,0.00366675
4,0.00676092
4,0.00367463
4,0.00654615
4,0.00376145
4,0.00644701
4,0.00377341
4,0.0037303
4,0.00448982
4,0.00456099
4,0.00457082
4,0.00452142
4,0.00368877
4,0.00427338
4,0.00439595
4,0.00442763
4,0.00445268
4,0.0037099
4,0.00400123
4,0.00617806
4,0.00354504
4,0.00657837
4,0.00366847
4,0.00636646
4,0.00376402
4,0.006837
4,0.00369984
4,0.00641906
4,0.00365929
4,0.0040518
4,0.00639433
4,0.00366761
4,0.00389627
4,0.0037784
4,0.00385231
4,0.00437675
4,0.00533051
4,0.00369705
4,0.00430492
4,0.00364516
4,0.00427141
4,0.00437474
4,0.00458825
4,0.00450939
4,0.00378484
4,0.00407919
4,0.00460636
4,0.00443719
4,0.00436223
4,0.00370688
4,0.00652391
4,0.00379475
4,0.00365702
4,0.0064593
4,0.00376833
4,0.00406318
4,0.00443576
4,0.00371029
4,0.00425613
4,0.00449361
4,0.00661786
4,0.00379719
4,0.00370074
4,0.0041659
4,0.00453361
4,0.00456555
4,0.00437092
4,0.00443311
4,0.00377952
4,0.00432789
4,0.00366544
4,0.0064861
4,0.00376885
4,0.0041127
4,0.00439624
4,0.00648666
4,0.00366854
4,0.00365334
4,0.00374728
4,0.00433237
4,0.00365147
4,0.00452584
4,0.00571559
4,0.00355341
4,0.00441415
4,0.00364436
4,0.00397901
4,0.0064886
4,0.00361462
4,0.00662241
4,0.00365289
4,0.00551538
4,0.00645632
4,0.00375344
4,0.0038925
4,0.00416766
4,0.00369704
4,0.00653509
4,0.00384451
4,0.00364643
4,0.00381988
4,0.00380302
4,0.00439375
4,0.00434208
4,0.00443271
4,0.00434557
4,0.00366664
4,0.00393419
4,0.00437912
4,0.00372746
4,0.00409279
4,0.00448767
4,0.00377206
4,0.00439959
4,0.0038195
4,0.00675298
4,0.00382864
4,0.00643069
4,0.00372511
4,0.00369074
4,0.00436983
4,0.00447301
4,0.00438504
4,0.00445594
4,0.00368528
4,0.00422838
4,0.00445452
4,0.00471729
4,0.00453485
4,0.00367198
4,0.00397908
4,0.00458838
4,0.00370278
4,0.00388851
4,0.00656652
4,0.00367397
4,0.00457138
4,0.00649195
4,0.00374168
4,0.00365542
4,0.00435319
4,0.00651302
4,0.00338245
4,0.00662648
4,0.00413019
4,0.00367482
4,0.00411812
4,0.00413654
4,0.00358248
4,0.00439756
4,0.0064953
4,0.00352205
4,0.00378853
4,0.00645027
4,0.00387708
4,0.0037278
4,0.00444702
4,0.00647944
4,0.00365012
4,0.00658393
4,0.00367354
4,0.00649509
4,0.00367567
4,0.0042955
4,0.00643496
4,0.00378954
4,0.00653177
4,0.00384192
4,0.00379948
4,0.00365526
4,0.004453
4,0.00446857
4,0.00450545
4,0.00369045
4,0.00433401
4,0.00442379
4,0.0036857
4,0.00650575
4,0.00375372
4,0.00380243
4,0.00651551
4,0.00358859
4,0.00669548
4,0.00379238
4,0.00653611
4,0.00370168
4,0.00659489
4,0.00382912
4,0.00681783
4,0.00384368
4,0.00660885
4,0.00368672
4,0.00637996
4,0.00358841
4,0.00654258
4,0.00366231
4,0.00387044
4,0.00418161
4,0.00439472
4,0.00444768
4,0.00433907
4,0.0043527
4,0.00437027
4,0.00455312
4,0.00443985
4,0.00379576
4,0.00362518
4,0.00381576
4,0.00446015
4,0.00469969
4,0.00642611
4,0.00378384
4,0.00649939
4,0.00653725
4,0.00365844
4,0.00655376
4,0.00352455
4,0.0065688
4,0.00364457
4,0.0065863
4,0.00366277
4,0.00655491
4,0.00369521
4,0.00654904
4,0.00382393
4,0.00665967
4,0.0037494
4,0.0065712
4,0.00366834
4,0.00659515
4,0.00390284
4,0.00640814
4,0.00373927
4,0.00373973
4,0.0045071
4,0.00658303
4,0.00376383
4,0.0066848
4,0.00363419
4,0.00663597
4,0.00378272
4,0.0037466
4,0.00650514
4,0.00381714
4,0.00369922
4,0.00412454
4,0.00463719
4,0.00440728
4,0.00439312
4,0.00440313
4,0.00435204
4,0.00434952
4,0.00437398
4,0.00434158
4,0.0036869
4,0.00444397
4,0.0045062
4,0.00443856
4,0.00435043
4,0.00366014
4,0.00640255
4,0.00369068
4,0.00364994
4,0.00453557
4,0.00388262
4,0.00425576
4,0.00445955
4,0.00452698
4,0.00432158
4,0.00437681
4,0.00438007
4,0.00435706
4,0.00649356
4,0.00368672
4,0.00379637
4,0.00397451
4,0.00455597
4,0.00374939
4,0.00368776
4,0.00653302
4,0.00621464
4,0.00670543
4,0.00371643
4,0.0055828
4,0.00640461
4,0.00373283
4,0.00444251
4,0.00383195
4,0.00396073
4,0.00677935
4,0.00361133
4,0.00668828
4,0.00361742
4,0.00654154
4,0.00378499
4,0.00384038
4,0.0038054
4,0.004482
4,0.00438276
4,0.00416978
4,0.00461603
4,0.00426116
4,0.00357027
4,0.00366063
4,0.00340122
4,0.00369708
4,0.006378
4,0.00369733
4,0.00367206
4,0.00429106
4,0.00433441
4,0.00441941
4,0.00454887
4,0.0036915
4,0.00420092
4,0.00673552
4,0.00353248
4,0.00665182
4,0.0037076
4,0.0045201
4,0.00648797
4,0.00375242
4,0.00387957
4,0.00432891
4,0.00365348
4,0.00430549
4,0.0043692
4,0.00436406
4,0.00436636
4,0.0036795
4,0.00648719
4,0.00379
4,0.00381329
4,0.00456373
4,0.00378675
4,0.00413691
4,0.00611182
4,0.00377062
4,0.00651508
4,0.00380987
4,0.00380725
4,0.00435758
4,0.00373054
4,0.00451681
4,0.0065432
4,0.00371068
4,0.00666691
4,0.00653921
4,0.00658318
4,0.00380538
4,0.00377445
4,0.00640883
4,0.00378682
4,0.00642245
4,0.00376237
4,0.00373969
4,0.00395975
4,0.00634505
4,0.00377633
4,0.00636976
4,0.00378368
4,0.00370177
4,0.00432838
4,0.00364802
4,0.00430839
4,0.00437833
4,0.00438448
4,0.00376439
4,0.00451035
4,0.00439504
4,0.00437105
4,0.00442927
4,0.00434246
4,0.00366106
4,0.00395431
4,0.00433648
4,0.0045313
4,0.00443492
4,0.00373112
4,0.00399835
4,0.00443474
4,0.00372921
4,0.00648454
4,0.00370999
4,0.00375588
4,0.0043231
4,0.00366009
4,0.00418794
4,0.00388052
4,0.00386298
4,0.00434792
4,0.00384967
4,0.00422576
4,0.00438114
4,0.00372277
4,0.00406376
4,0.00654976
4,0.00368437
4,0.00646584
4,0.00366282
4,0.00371564
4,0.00384096
4,0.00449929
4,0.00484601
4,0.00453243
4,0.00449452
4,0.00445049
4,0.00442271
4,0.00379026
4,0.00411724
4,0.00439893
4,0.00450992
4,0.00652549
4,0.0037957
4,0.00376995
4,0.00446136
4,0.00368369
4,0.0045145
4,0.00663736
4,0.00365354
4,0.00664848
4,0.00365185
4,0.00535389
4,0.00373193
4,0.00446388
4,0.00378688
4,0.00647121
4,0.00372739
4,0.00362946
4,0.00636698
4,0.00371018
4,0.00398131
4,0.00433438
4,0.00444481
4,0.00426918
4,0.00649369
4,0.0037327
4,0.00668984
4,0.00379632
4,0.00675469
4,0.00379907
4,0.00644606
4,0.0036517
4,0.00655136
4,0.0039117
4,0.00405402
4,0.00639409
4,0.00347853
4,0.00446599
4,0.00656819
4,0.00387899
4,0.003656
4,0.00640942
4,0.00361214
4,0.00394966
4,0.00647487
4,0.00360245
4,0.00642646
4,0.00371208
4,0.00392497
4,0.0043803
4,0.00675489
4,0.00383362
4,0.00371985
4,0.00438973
4,0.00463101
4,0.00390109
4,0.00461174
4,0.00370605
4,0.00445702
4,0.00444293
4,0.00426832
4,0.00440639
4,0.00375466
4,0.0043169
4,0.00459915
4,0.00446448
4,0.00653635
4,0.0064813
4,0.0036571
4,0.00366361
4,0.00367406
4,0.00435069
4,0.00364196
4,0.00401947
4,0.00446079
4,0.0044667
4,0.00446997
4,0.00644241
4,0.00367546
4,0.00430781
4,0.00373585
4,0.00543256
4,0.00372922
4,0.00454487
4,0.00429381
4,0.0044133
4,0.00442822
4,0.00444326
4,0.00443522
4,0.00364268
4,0.00407729
4,0.00432451
4,0.004384
4,0.0043625
4,0.00367047
4,0.00429207
4,0.00449633
4,0.00651055
4,0.00370799
4,0.00368999
4,0.00391479
4,0.00647781
4,0.00368555
4,0.00440463
4,0.0046238
4,0.00453551
4,0.00445662
4,0.00368433
4,0.00421733
4,0.00440551
4,0.00371639
4,0.00652679
4,0.00385457
4,0.00386958
4,0.00616518
4,0.00372095
4,0.00374904
4,0.00661458
4,0.00383818
4,0.00671411
4,0.00368262
4,0.00651597
4,0.00368289
4,0.00478381
4,0.00637024
4,0.00370482
4,0.00367277
4,0.00432424
4,0.00365645
4,0.00415395
4,0.00664063
4,0.00365826
4,0.00368355
4,0.00403071
4,0.00603439
4,0.00368608
4,0.00441072
4,0.00434002
4,0.00440862
4,0.00437023
4,0.00673199
4,0.00371494
4,0.00662979
4,0.00374764
4,0.00655367
4,0.00380689
4,0.00648512
4,0.00372519
4,0.00366002
4,0.00654137
4,0.00621706
4,0.00355313
4,0.00657691
4,0.00378661
4,0.00680034
4,0.00364897
4,0.00664777
4,0.00376936
4,0.0064657
4,0.00357908
4,0.00658089
4,0.0037911
4,0.00646366
4,0.00365805
4,0.0065575
4,0.00374068
4,0.00377566
4,0.00385205
4,0.00630416
4,0.003679
4,0.00425479
4,0.00438114
4,0.00453595
4,0.00442816
4,0.00370663
4,0.00435176
4,0.00421438
4,0.00463774
4,0.00650563
4,0.00368527
4,0.0039602
4,0.0043346
4,0.00440544
4,0.00433357
4,0.00437615
4,0.00453775
4,0.00442896
4,0.00375648
4,0.00436073
4,0.00436173
4,0.00437415
4,0.00439394
4,0.00365707
4,0.00412271
4,0.00433647
4,0.00451657
4,0.00546736
4,0.00650802
4,0.00370593
4,0.00675679
4,0.00365043
4,0.0064101
4,0.00354288
4,0.00670311
4,0.00338526
4,0.00386487
4,0.0038394
4,0.00435302
4,0.00382571
4,0.00438254
4,0.00440029
4,0.00470094
4,0.00442219
4,0.00362694
4,0.00423861
4,0.00444012
4,0.00408441
4,0.0039622
4,0.00386777
4,0.00456253
4,0.00440306
4,0.00374808
4,0.0066969
4,0.00383041
4,0.00436964
4,0.00444336
4,0.00650727
4,0.00373625
4,0.00369181
4,0.00398742
4,0.00445932
4,0.00373049
4,0.00414659
4,0.00438568
4,0.00452222
4,0.00464821
4,0.0043439
4,0.00438421
4,0.00437932
4,0.00437887
4,0.00438233
4,0.0043534
4,0.00440745
4,0.00376775
4,0.00376896
4,0.00392764
4,0.00640234
4,0.00367431
4,0.005033
4,0.00661261
4,0.00370021
4,0.00632637
4,0.00370455
4,0.00381936
4,0.00406215
4,0.00439522
4,0.00450913
4,0.00439606
4,0.00682089
4,0.00374254
4,0.00653827
4,0.00370796
4,0.00377282
4,0.00410048
4,0.00432836
4,0.00436975
4,0.00434189
4,0.00435911
4,0.00441183
4,0.00432416
4,0.00366078
4,0.00441665
4,0.00450426
4,0.00385309
4,0.00395689
4,0.0039092
4,0.00437843
4,0.00447198
4,0.00448315
4,0.00443077
4,0.0044233
4,0.00383264
4,0.00450392
4,0.00368674
4,0.00438392
4,0.0044195
4,0.00441163
4,0.00657064
4,0.00372026
4,0.00436868
4,0.00450157
4,0.00453534
4,0.00451165
4,0.00381636
4,0.00408796
4,0.0044289
4,0.00450428
4,0.00441611
4,0.00370503
4,0.00400918
4,0.00440613
4,0.00367515
4,0.00439409
4,0.00434886
4,0.00660965
4,0.00367717
4,0.00645151
4,0.00364943
4,0.00367967
4,0.00379716
4,0.00648207
4,0.00389102
4,0.00406839
4,0.0043293
4,0.00422278
4,0.00439461
4,0.00365532
4,0.00393929
4,0.00432424
4,0.00448877
4,0.00446288
4,0.00452973
4,0.00452787
4,0.00441022
4,0.00370524
4,0.00420275
4,0.00434692
4,0.00436387
4,0.00455235
4,0.00436634
4,0.00449182
4,0.00452742
4,0.00450183
4,0.00438827
4,0.0037525
4,0.00410037
4,0.00439533
4,0.00665062
4,0.00373291
4,0.00650823
4,0.00361314
4,0.00652398
4,0.00368138
4,0.00378196
4,0.00648803
4,0.00374186
4,0.00378926
4,0.00655951
4,0.00381858
4,0.00369717
4,0.00648863
4,0.00368699
4,0.00408944
4,0.00445661
4,0.00444649
4,0.00443378
4,0.0064293
4,0.00364079
4,0.00671766
4,0.00368833
4,0.00646829
4,0.00348041
4,0.00565561
4,0.00635563
4,0.00370329
4,0.00381885
4,0.00654914
4,0.0044206
4,0.00653747
4,0.00378324
4,0.00658627
4,0.00371187
4,0.00641608
4,0.00371449
4,0.00378822
4,0.00437869
4,0.0037001
4,0.00397017
4,0.00620736
4,0.0038387
4,0.00448653
4,0.00446977
4,0.00482351
4,0.00426409
4,0.00378579
4,0.0044943
4,0.00442129
4,0.00643415
4,0.00373784
4,0.00359276
4,0.00425236
4,0.00456949
4,0.00432365
4,0.00431095
4,0.00378632
4,0.0040067
4,0.00635411
4,0.00382319
4,0.0064287
4,0.00379396
4,0.00374785
4,0.00439727
4,0.00665635
4,0.00375758
4,0.00673602
4,0.00375141
4,0.00369215
4,0.00641963
4,0.00375305
4,0.00378258
4,0.00440694
4,0.00372398
4,0.00653286
4,0.00383338
4,0.00385672
4,0.00439859
4,0.00445658
4,0.00375786
4,0.00438757
4,0.00368428
4,0.00448751
4,0.00445816
4,0.00462821
4,0.00634393
4,0.00369587
4,0.00408486
4,0.00433395
4,0.00439944
4,0.00435052
4,0.00366083
4,0.00416821
4,0.00418767
4,0.00358441
4,0.00643669
4,0.00388805
4,0.00674335
4,0.00367741
4,0.00660574
4,0.00373808
4,0.00640276
4,0.00361375
4,0.00637963
4,0.00365302
4,0.00392892
4,0.00422824
4,0.00456478
4,0.00386873
4,0.00436822
4,0.00443236
4,0.00445867
4,0.00463663
4,0.00370229
4,0.00426339
4,0.0043987
4,0.00449648
4,0.00441742
4,0.00366835
4,0.00413949
4,0.00439667
4,0.00367472
4,0.006516
4,0.00387499
4,0.00672504
4,0.00372973
4,0.0040472
4,0.00363794
4,0.00368464
4,0.00396887
4,0.00441057
4,0.00370831
4,0.00449541
4,0.00447627
4,0.00445175
4,0.00442304
4,0.00367133
4,0.00434359
4,0.00433993
4,0.00436396
4,0.0043667
4,0.00367609
4,0.00636498
4,0.00388967
4,0.00383483
4,0.00456945
4,0.00369485
4,0.00398151
4,0.00436118
4,0.00369499
4,0.00435171
4,0.00440704
4,0.00680148
4,0.00370692
4,0.00650953
4,0.00365199
4,0.00648843
4,0.0037729
4,0.00367505
4,0.00447781
4,0.00437099
4,0.00655711
4,0.00421541
4,0.00435557
4,0.0040162
4,0.00438842
4,0.00435912
4,0.00435929
4,0.0043617
4,0.00442116
4,0.00434949
4,0.00367464
4,0.00437364
4,0.00442143
4,0.00453879
4,0.00439562
4,0.00379695
4,0.00395476
4,0.00400817
4,0.00396646
4,0.00445114
4,0.00369368
4,0.004255
4,0.00443868
4,0.00456309
4,0.00446907
4,0.00653694
4,0.00359719
4,0.00446206
4,0.00645706
4,0.00381746
4,0.00636006
4,0.00373955
4,0.00577952
4,0.00366893
4,0.00376525
4,0.00444943
4,0.00368199
4,0.00415833
4,0.00439171
4,0.00455138
4,0.0063996
4,0.00368234
4,0.00668185
4,0.00374209
4,0.00653738
4,0.00363881
4,0.00362732
4,0.00385833
4,0.00388046
4,0.00360155
4,0.00364135
4,0.00646114
4,0.00427069
4,0.00388032
4,0.00416051
4,0.00355858
4,0.00389889
4,0.00427742
4,0.00364453
4,0.0065341
4,0.00376588
4,0.00357934
4,0.00637789
4,0.00369513
4,0.0040417
4,0.00436097
4,0.00365223
4,0.004458
4,0.00443608
4,0.00454456
4,0.00657018
4,0.00654406
4,0.00369464
4,0.0065827
4,0.00367162
4,0.00655233
4,0.00363601
4,0.00667632
4,0.00379974
4,0.00395726
4,0.00610588
4,0.00374227
4,0.00657084
4,0.0038155
4,0.00373092
4,0.00437106
4,0.003685
4,0.00428035
4,0.00574364
4,0.00646993
4,0.00371304
4,0.00371105
4,0.00426982
4,0.00441835
4,0.0044358
4,0.00448718
4,0.00369288
4,0.00415991
4,0.00434771
4,0.00442733
4,0.00434723
4,0.00435834
4,0.00443636
4,0.00398426
4,0.00398553
4,0.00436301
4,0.00435959
4,0.00440977
4,0.00434551
4,0.00366321
4,0.00427916
4,0.00473072
4,0.00384328
4,0.0043773
4,0.00653557
4,0.00369026
4,0.00653169
4,0.00375622
4,0.00381413
4,0.00386145
4,0.00630743
4,0.00368109
4,0.00442404
4,0.00439404
4,0.00437816
4,0.00438895
4,0.00366999
4,0.00637247
4,0.00370698
4,0.00371428
4,0.00431596
4,0.00386968
4,0.00422422
4,0.00456355
4,0.00646027
4,0.00379934
4,0.00378337
4,0.00398795
4,0.0044293
4,0.00457695
4,0.00662211
4,0.00375156
4,0.00375531
4,0.00421674
4,0.00451315
4,0.00443851
4,0.0043831
4,0.00391901
4,0.00458891
4,0.00378363
4,0.00378746
4,0.0065173
4,0.00381127
4,0.00665325
4,0.00369758
4,0.00665231
4,0.00374203
4,0.00369088
4,0.0040466
4,0.00442002
4,0.00365999
4,0.00640225
4,0.00365585
4,0.0037939
4,0.0045213
4,0.00437162
4,0.00440021
4,0.00448132
4,0.00453136
4,0.0045441
4,0.00379585
4,0.00651677
4,0.00367833
4,0.00366886
4,0.0040145
4,0.0042913
4,0.00439146
4,0.00438772
4,0.004434
4,0.00442828
4,0.00443989
4,0.00642228
4,0.00372615
4,0.00364994
4,0.004331
4,0.00435256
4,0.00442614
4,0.00434448
4,0.00386229
4,0.00441379
4,0.00454149
4,0.00455401
4,0.00459731
4,0.00450742
4,0.00451559
4,0.00445602
4,0.00658304
4,0.0037428
4,0.00378974
4,0.00398971
4,0.0045207
4,0.00365662
4,0.00642345
4,0.00380094
4,0.00389732
4,0.00448847
4,0.00378946
4,0.00419568
4,0.00439855
4,0.00452946
4,0.00448474
4,0.0038751
4,0.00625569
4,0.00374467
4,0.00451362
4,0.00360467
4,0.00389031
4,0.00624767
4,0.00359034
4,0.00637298
4,0.0038346
4,0.00410321
4,0.00381116
4,0.00384715
4,0.00439057
4,0.00423625
4,0.00418106
4,0.00364384
4,0.00432171
4,0.00442809
4,0.0042658
4,0.00451035
4,0.00451721
4,0.00366737
4,0.00397567
4,0.00442242
4,0.00369851
4,0.00457239
4,0.00657406
4,0.00366932
4,0.00671071
4,0.00379023
4,0.00656741
4,0.00368556
4,0.00358911
4,0.0040095
4,0.00432796
4,0.00671974
4,0.00367598
4,0.00643721
4,0.00376178
4,0.00669907
4,0.00375899
4,0.00371372
4,0.00385082
4,0.00638616
4,0.00378241
4,0.00652342
4,0.00376029
4,0.00370174
4,0.00663951
4,0.0037598
4,0.00651438
4,0.00378416
4,0.00378049
4,0.00401901
4,0.00441156
4,0.00675279
4,0.00380354
4,0.00649641
4,0.00378355
4,0.00371192
4,0.00389711
4,0.00440376
4,0.00374093
4,0.00425764
4,0.00442369
4,0.00472001
4,0.00437344
4,0.00365718
4,0.00411766
4,0.00433397
4,0.00439652
4,0.00649602
4,0.00366196
4,0.00381932
4,0.00462967
4,0.00440859
4,0.00436842
4,0.00434396
4,0.00437325
4,0.00433279
4,0.00656395
4,0.00367862
4,0.00649279
4,0.00366097
4,0.00655979
4,0.00367096
4,0.00648516
4,0.00370383
4,0.00643481
4,0.00365431
4,0.00640289
4,0.00381649
4,0.00383464
4,0.00415142
4,0.00624156
4,0.00382928
4,0.00380589
4,0.00443218
4,0.00375512
4,0.004416
4,0.00370382
4,0.0065401
4,0.00394348
4,0.00382723
4,0.00438928
4,0.00374946
4,0.00437112
4,0.00589788
4,0.00368482
4,0.00640793
4,0.0037789
4,0.00409192
4,0.0066641
4,0.0042146
4,0.00669571
4,0.00365977
4,0.00677758
4,0.00379317
4,0.00666702
4,0.00371433
4,0.00625446
4,0.006566
4,0.00649768
4,0.00354564
4,0.00431404
4,0.00386534
4,0.0039861
4,0.00385843
4,0.00644812
4,0.00369887
4,0.00648685
4,0.00369619
4,0.00363256
4,0.0043571
4,0.00455826
4,0.00467323
4,0.00449397
4,0.00385236
4,0.00425803
4,0.00442173
4,0.004483
4,0.0044222
4,0.00371814
4,0.0038108
4,0.0066085
4,0.00373304
4,0.00555463
4,0.00375919
4,0.00383904
4,0.00384374
4,0.00431934
4,0.0043451
4,0.00445474
4,0.00611091
4,0.00390527
4,0.00436823
4,0.00448923
4,0.00487409
4,0.00464306
4,0.00372946
4,0.00443489
4,0.00658618
4,0.00369112
4,0.00673559
4,0.00367037
4,0.00658738
4,0.0038087
4,0.00654966
4,0.00356959
4,0.00654005
4,0.00383469
4,0.0067315
4,0.00372746
4,0.0065134
4,0.00371653
4,0.00665228
4,0.00395496
4,0.00461358
4,0.00370873
4,0.00497806
4,0.00411861
4,0.00611871
4,0.00361136
4,0.00356556
4,0.00365605
4,0.0036968
4,0.00348514
4,0.00353313
4,0.00359518
4,0.00375855
4,0.00371233
4,0.00415359
4,0.00419388
4,0.00358556
4,0.00410208
4,0.00408294
4,0.00433772
4,0.00428584
4,0.00434211
4,0.00663262
4,0.00447665
4,0.00459912
4,0.00437193
4,0.00432908
4,0.00648079
4,0.00354074
4,0.00359796
4,0.0035586
4,0.00351588
4,0.00371541
4,0.00378848
4,0.00406913
4,0.00469729
4,0.00364599
4,0.00393913
4,0.00389628
4,0.00417127
4,0.00378883
4,0.0039301
4,0.00390288
4,0.00565954
4,0.00364761
4,0.00376603
4,0.00371509
4,0.00410662
4,0.00442138
4,0.00363878
4,0.00442519
4,0.00667054
4,0.00414052
4,0.0045507
4,0.0044322
4,0.00442554
4,0.00440241
4,0.00383968
4,0.00445568
4,0.006473
4,0.00429448
4,0.0037556
4,0.00640919
4,0.00353741
4,0.00381432
4,0.00764438
4,0.00363208
4,0.00363624
4,0.00355372
4,0.00458117
4,0.0036657
4,0.00377909
4,0.00369125
4,0.00355791
4,0.00376153
4,0.00642145
4,0.00361945
4,0.00430129
4,0.00435918
4,0.00429616
4,0.00432659
4,0.00368809
4,0.00426819
4,0.00477239
4,0.00452745
4,0.00436814
4,0.00379575
4,0.00649061
4,0.00442998
4,0.00420792
6,0.0281034
6,0.00567335
6,0.00346516
6,0.00425154
6,0.00359989
6,0.00421541
6,0.00351379
6,0.00419539
6,0.00359898
6,0.00374531
6,0.0043684
6,0.00380777
6,0.00405028
6,0.00371105
3,0.0063242
6,0.0721851
6,0.00391925
6,0.00453903
6,0.00428161
6,0.00756659
3,0.00413351
3,0.00372978
6,0.00563657
6,0.0039279
6,0.00375698
6,0.00412062
6,0.00445418
6,0.00369453
6,0.00591745
6,0.00709051
6,0.00373754
6,0.00415919
6,0.00354552
6,0.00408806
6,0.00364436
6,0.00732202
6,0.00352886
6,0.00443429
6,0.0034839
6,0.00434493
6,0.00604134
6,0.00616275
6,0.00567648
6,0.00979858
6,0.00371332
6,0.00369858
6,0.00362504
6,0.00450759
6,0.0044345
6,0.00444368
6,0.00432602
6,0.00366054
6,0.00370143
6,0.00434549
6,0.00377766
6,0.00651128
6,0.00357301
6,0.00568806
6,0.00452433
6,0.00462433
6,0.00451392
6,0.00394434
6,0.00440726
6,0.00448177
6,0.00437515
6,0.00450692
6,0.00379429
6,0.0037442
6,0.00387347
6,0.00375138
6,0.00430635
6,0.00442872
6,0.00462567
6,0.00440875
6,0.00380019
6,0.00435098
6,0.00690601
12,0.146283
12,0.0414931
12,0.00356031
12,0.00671411
12,0.00418785
12,0.00379998
12,0.00467601
12,0.00363758
12,0.00357919
12,0.00392144
12,0.00384053
12,0.00443935
12,0.00433505
12,0.00355258
12,0.00591654
12,0.00368494
12,0.0054047
12,0.00404349
12,0.00365737
12,0.00485082
12,0.00557204
12,0.00752677
12,0.00674744
12,0.00437842
12,0.00506668
9,0.015674
9,0.00914887
6,0.00459874
8,0.00353282
8,0.00365568
8,0.00652162
12,0.0622552
12,0.00448769
12,0.00355317
12,0.00506161
12,0.00361701
12,0.00600909
12,0.00802684
12,0.0036795
12,0.00503723
8,0.00454303
8,0.00449864
8,0.00370272
9,0.00461368
9,0.00401468
12,0.00387191
12,0.00724927
12,0.00377401
12,0.00654181
12,0.00376378
12,0.0038414
12,0.00461992
12,0.00371642
12,0.00389734
12,0.00360011
12,0.00386382
12,0.00683356
12,0.00422134
12,0.00438061
12,0.00492608
12,0.0035756
12,0.00357268
12,0.00559158
12,0.0034536
12,0.00658124
12,0.00410631
12,0.00493942
12,0.00369476
12,0.00365508
12,0.00398721
12,0.0127272
12,0.00378756
12,0.00815492
12,0.00393696
12,0.00417011
12,0.00400186
12,0.00455717
12,0.00413316
12,0.00699676
12,0.00785394
4,0.00683998
4,0.00350576
4,0.00399385
4,0.00387026
4,0.00397781
4,0.00685013
4,0.00353345
4,0.00522062
4,0.00377882
4,0.00507904
4,0.00376626
4,0.0045529
4,0.0084466
4,0.00423061
4,0.00427235
4,0.00372189
4,0.0036973
4,0.00422129
4,0.00461884
4,0.00438117
4,0.0114752
4,0.00490189
4,0.00404527
4,0.00491457
4,0.00436494
4,0.00519805
4,0.00472397
4,0.00390432
4,0.00416225
4,0.0034946
4,0.0037105
4,0.00360192
4,0.00376735
6,0.00368013
6,0.00366768
6,0.00649037
6,0.00355878
6,0.00390096
6,0.00378849
6,0.00354727
6,0.00673946
6,0.00374926
6,0.00354289
6,0.00353656
6,0.00412184
6,0.00357815
6,0.00442372
6,0.00363337
6,0.00364392
6,0.00424146
6,0.00384024
6,0.00638864
6,0.00403664
6,0.00373798
6,0.00360564
6,0.0039631
6,0.00661637
6,0.00449447
6,0.00656694
6,0.00440209
6,0.0039745
6,0.00664394
6,0.00374767
6,0.00361515
6,0.00353485
6,0.00357201
6,0.0042648
6,0.00429278
6,0.00427731
6,0.0045064
6,0.00394326
6,0.00444158
6,0.00435087
6,0.00440729
6,0.00653585
4,0.00395941
4,0.00358323
4,0.003584
4,0.00377869
4,0.00652764
4,0.0038358
4,0.00385617
4,0.00384012
4,0.00377323
4,0.0044331
4,0.00676574
4,0.00371636
4,0.00360872
4,0.00391191
4,0.00396901
4,0.00408147
4,0.00387246
4,0.00646527
4,0.00435628
4,0.00654328
6,0.00378739
6,0.00709691
6,0.00354148
6,0.00350128
6,0.00438105
6,0.00424403
6,0.00440788
6,0.00433598
6,0.00373789
6,0.00429496
9,0.00417553
9,0.00433461
9,0.00436322
9,0.00373845
9,0.00430231
9,0.00450352
9,0.00448916
9,0.00441912
9,0.00444712
9,0.00459285
9,0.00377393
9,0.00450052
9,0.0038146
9,0.00666472
9,0.00362347
9,0.00408677
9,0.00447782
9,0.00347104
9,0.00424645
9,0.00366791
9,0.00671509
6,0.00661638
6,0.00362637
6,0.00432998
6,0.00397826
6,0.00745496
6,0.00434921
6,0.00378382
6,0.00566522
6,0.00373775
6,0.00397073
6,0.0043795
6,0.00421865
6,0.00425658
6,0.0040037
6,0.00997692
6,0.00383052
6,0.00380624
6,0.00554952
6,0.00440762
6,0.0045632
6,0.0038117
6,0.0045378
6,0.00663955
6,0.00370754
6,0.0059424
6,0.00382254
6,0.00365428
6,0.00370012
6,0.00369155
6,0.00411183
6,0.00361627
6,0.00381449
6,0.006664
4,0.00336404
4,0.00347218
4,0.00416169
4,0.00354231
4,0.00351253
4,0.0037443
4,0.00371474
4,0.00388301
4,0.00443866
4,0.0044661
4,0.00654742
4,0.00344818
4,0.00456745
4,0.00455138
4,0.00434734
4,0.00449189
4,0.00465186
4,0.00658097
4,0.00359527
6,0.00438878
6,0.00444922
6,0.00358605
6,0.00366667
6,0.00413829
6,0.00413599
6,0.00354491
6,0.00385979
6,0.00391331
6,0.00379672
6,0.0041482
6,0.00450863
6,0.00434373
6,0.00664369
6,0.00454376
6,0.0043868
6,0.00735436
9,0.00402222
9,0.00385562
9,0.00452288
9,0.00648698
9,0.00374217
9,0.00672787
9,0.00375648
9,0.00457898
9,0.00448726
9,0.00384211
9,0.00677225
9,0.00367769
9,0.00383329
9,0.00440974
9,0.00368419
9,0.00381855
9,0.00435612
9,0.0046194
9,0.0044177
9,0.00350332
9,0.00366634
9,0.00441196
9,0.00375848
9,0.0037364
9,0.00381739
9,0.00409257
9,0.00345064
9,0.00369049
9,0.00371596
9,0.00450607
9,0.00382884
9,0.00425291
9,0.00430995
9,0.00396357
9,0.00389923
9,0.00374017
9,0.00432753
9,0.00381778
9,0.00412056
9,0.00479231
9,0.00563365
9,0.00585111
9,0.00376037
6,0.00347179
6,0.00372589
6,0.00363424
6,0.00365815
6,0.004404
6,0.00431603
6,0.00448302
6,0.00393638
6,0.00388069
6,0.00378923
6,0.00371894
6,0.00428685
6,0.00351511
6,0.00379473
6,0.00457429
6,0.00379287
6,0.00372499
6,0.0038755
6,0.00424865
6,0.00455628
6,0.00690798
6,0.00350569
6,0.00662604
6,0.00373289
6,0.00348386
6,0.0045142
6,0.00428901
6,0.00448432
6,0.00462328
6,0.00396095
6,0.00423787
6,0.0044844
6,0.00659316
6,0.00392737
6,0.0064659
6,0.00357558
6,0.00352555
6,0.00412639
6,0.00368462
6,0.00366853
6,0.00386676
4,0.00370381
4,0.00372199
4,0.00371325
4,0.00372092
4,0.00356824
4,0.00421707
4,0.00383865
4,0.00425366
4,0.00469086
4,0.00654702
4,0.00380426
4,0.0036744
4,0.00363007
4,0.0036894
4,0.00394766
4,0.00452233
4,0.00453617
4,0.00461716
4,0.00394021
4,0.0064861
4,0.00647683
4,0.00358584
4,0.00405817
4,0.00335936
4,0.00370611
4,0.00373133
4,0.00655766
4,0.00353922
4,0.0038835
4,0.0037098
4,0.00391682
4,0.0043753
4,0.0034497
4,0.00426547
4,0.0043665
4,0.00370815
4,0.00393192
4,0.00680345
4,0.00356549
4,0.00667403
4,0.00347589
4,0.00447295
4,0.00656999
4,0.0037212
4,0.00381162
12,0.00427189
12,0.00583168
12,0.00381468
12,0.00566133
12,0.00404195
12,0.00420027
12,0.00458483
12,0.0035118
9,0.00500914
12,0.00421067
12,0.00344615
12,0.00385651
12,0.00356141
12,0.00547841
12,0.00840975
12,0.00386313
12,0.00479449
12,0.00420347
12,0.00645095
12,0.00616679
12,0.00427128
12,0.00542944
12,0.00594281
12,0.00424161
12,0.00360299
12,0.00419824
12,0.00373287
12,0.00451145
12,0.00686284
12,0.00387915
12,0.00455303
12,0.00440526
12,0.00369797
12,0.00456494
12,0.00381116
12,0.00372701
12,0.0039192
12,0.00443524
12,0.0037918
12,0.00383528
12,0.00363169
12,0.00412015
12,0.00434898
12,0.00462335
12,0.00457295
12,0.00682587
12,0.00395034
12,0.00380502
12,0.00446299
12,0.00633165
12,0.00382975
12,0.00368137
12,0.0037644
12,0.00387168
12,0.00397664
12,0.00682987
12,0.00373494
12,0.00439004
12,0.00430492
12,0.00486679
12,0.00435097
12,0.00456511
6,0.00425185
6,0.00460131
6,0.00435818
6,0.00669788
6,0.00382561
6,0.00517817
6,0.0065391
6,0.00363316
4,0.0034297
4,0.0037746
4,0.00369281
4,0.00631638
4,0.00354865
4,0.0036473
4,0.00361598
4,0.00498178
6,0.00371022
6,0.00390805
6,0.00382821
4,0.00427077
4,0.00662505
4,0.00382293
4,0.00362201
4,0.00468441
4,0.00419034
4,0.0038215
4,0.00660795
4,0.00360921
4,0.00460266
6,0.00392342
6,0.00380308
6,0.00379613
6,0.00387577
6,0.00389471
6,0.0038408
6,0.00347248
6,0.00351864
6,0.00361177
6,0.00401602
6,0.00379317
6,0.00413713
6,0.00376184
6,0.00426072
6,0.00443276
6,0.00447575
6,0.00452941
6,0.0066242
6,0.00371717
6,0.00648551
6,0.00376722
6,0.00448597
6,0.00406315
6,0.00386362
9,0.00377121
9,0.0036606
9,0.00379721
9,0.00528779
9,0.00368664
9,0.00382641
9,0.00444246
9,0.00385444
9,0.00599434
9,0.00392031
9,0.00394886
9,0.00447269
9,0.00381393
9,0.00398149
9,0.00403167
9,0.00452916
9,0.00421576
9,0.00359331
9,0.00374481
9,0.00660663
9,0.00410614
9,0.00709676
9,0.00372618
9,0.00382089
9,0.00372119
9,0.00438383
9,0.00410081
9,0.00434186
9,0.00366683
9,0.00367661
9,0.00445942
9,0.00371041
9,0.00426987
9,0.00430276
9,0.00375402
9,0.00448775
9,0.00425432
9,0.00343005
9,0.00360901
9,0.00354193
9,0.00374985
9,0.00373505
9,0.00384419
9,0.0042576
9,0.00367025
9,0.00447227
9,0.00449558
9,0.00442265
9,0.00459939
6,0.00438218
6,0.00658703
6,0.00371798
6,0.00376884
6,0.00468314
6,0.00442987
6,0.00651495
6,0.00415407
6,0.00375294
6,0.00438158
6,0.0036097
6,0.00359525
6,0.00388698
6,0.00688431
6,0.00360765
6,0.00665883
6,0.00403687
4,0.0037926
4,0.00646405
4,0.00349021
4,0.00395275
4,0.00654827
4,0.00371707
6,0.00368559
6,0.00363062
6,0.00376284
6,0.00441577
6,0.00352513
6,0.00380564
8,0.0260051
8,0.0044201
8,0.00354461
8,0.00524524
8,0.00609109
8,0.00437651
8,0.00362551
8,0.00420951
8,0.0039493
8,0.00765999
8,0.00371918
8,0.00437034
8,0.00373087
8,0.00457477
8,0.00366508
8,0.00573229
8,0.00441372
8,0.00459102
8,0.00386902
8,0.00361851
8,0.00427929
8,0.0043119
8,0.00451979
8,0.00368075
8,0.00367502
8,0.00385697
8,0.00387163
8,0.00421588
8,0.00413668
8,0.00374134
8,0.00435462
8,0.00391989
8,0.00428535
8,0.00369111
8,0.00379991
8,0.00382284
8,0.00380328
8,0.00457484
8,0.0039453
8,0.00424963
8,0.00622832
8,0.0046172
8,0.00443692
8,0.00665766
8,0.00373544
8,0.00453035
8,0.00470405
8,0.00455
8,0.00456343
8,0.00675721
8,0.0046185
8,0.00690297
8,0.00364689
8,0.00366674
8,0.00446099
8,0.00376727
8,0.00406831
8,0.00442505
8,0.00388903
8,0.00433003
5,0.00669977
5,0.00347403
7,0.0310359
7,0.00355857
7,0.0101482
7,0.00554094
7,0.0064974
7,0.0067326
7,0.00621809
7,0.00447827
7,0.00373234
7,0.00393081
7,0.00377788
7,0.00560525
7,0.00369667
7,0.00435046
7,0.00390334
7,0.00342449
7,0.00542386
7,0.00354049
7,0.00419868
7,0.00389302
7,0.00384796
7,0.00425087
7,0.00385038
3,0.0347915
5,0.0359056
5,0.00562366
5,0.00453928
4,0.00446487
4,0.00366063
4,0.00395348
4,0.00674427
4,0.00380829
4,0.0066222
4,0.00385442
4,0.00676557
4,0.00364068
4,0.00350085
4,0.00426578
4,0.00442583
4,0.00447154
4,0.00458528
4,0.00380393
4,0.00378947
4,0.00364777
4,0.00386896
4,0.00445263
4,0.00368582
4,0.0037471
4,0.0036947
4,0.0036728
4,0.00386806
4,0.00378273
4,0.00437302
4,0.00448397
4,0.00346609
4,0.00404694
4,0.00417155
4,0.00354333
4,0.00406173
4,0.00358886
4,0.00367568
4,0.00384351
4,0.00389585
4,0.00428211
4,0.00377527
4,0.00410357
4,0.00457231
4,0.0044615
4,0.00427007
4,0.00433393
4,0.00437387
4,0.00642486
5,0.00363302
5,0.00426367
5,0.00556597
3,0.00380859
3,0.00435248
3,0.00377381
3,0.00415416
3,0.00409576
7,0.00371922
7,0.00429727
7,0.00438203
7,0.00570177
7,0.00428751
7,0.00433757
7,0.00445657
7,0.00369054
7,0.00437587
7,0.00445702
7,0.003726
7,0.00430445
7,0.00444165
7,0.00445608
7,0.00447474
7,0.00527956
7,0.00375797
7,0.00433681
7,0.00364248
7,0.00400514
7,0.00388936
7,0.00679716
7,0.00365718
7,0.00456279
7,0.00379521
7,0.00379636
7,0.00693088
7,0.00364429
7,0.00439054
7,0.00410183
7,0.00360663
7,0.00386054
7,0.00672312
5,0.00358996
5,0.00419566
5,0.00432907
5,0.00349795
5,0.00366639
5,0.00437165
5,0.0035559
5,0.00386766
5,0.00381614
9,0.0123857
9,0.00380176
9,0.00370421
9,0.00447843
9,0.00376085
9,0.005135
9,0.00362107
9,0.00368986
9,0.00468854
8,0.00413991
8,0.00368837
8,0.00368443
8,0.00668038
8,0.00342845
8,0.00453694
8,0.00448716
8,0.004541
8,0.00379356
8,0.00663377
8,0.00376555
8,0.00352428
8,0.00652404
8,0.00390491
8,0.00390771
8,0.00453128
8,0.00700574
8,0.00372184
8,0.00377448
8,0.0043688
8,0.00433412
8,0.00353743
8,0.0044431
8,0.00465769
8,0.00468346
8,0.00439085
8,0.00373603
8,0.00727811
8,0.00391326
8,0.00415847
8,0.00620551
8,0.00363233
8,0.00658965
8,0.00373407
8,0.00666202
8,0.0036572
8,0.00361245
8,0.00404032
8,0.00409449
8,0.00358761
8,0.00372875
8,0.00356647
8,0.00416198
8,0.00428511
8,0.00353973
8,0.00380321
8,0.00416186
8,0.00382051
8,0.00362937
8,0.00662766
8,0.00373984
8,0.00658579
8,0.00383989
8,0.00421777
8,0.00682353
9,0.00667041
9,0.00684352
9,0.00384926
9,0.00386128
9,0.00351791
4,0.00360019
4,0.00654413
4,0.00362657
5,0.00378674
5,0.00423181
5,0.00538347
5,0.00390015
5,0.00372898
5,0.00406773
3,0.00614656
3,0.00361322
3,0.0041248
3,0.006577
3,0.00354713
3,0.00378372
3,0.00452229
3,0.00454216
3,0.00672312
3,0.00370905
3,0.00368073
3,0.00657633
3,0.00352874
3,0.00683624
3,0.00357083
3,0.00373437
3,0.00369172
3,0.00444461
3,0.00388068
3,0.00385178
3,0.00655851
3,0.00418346
3,0.00652058
3,0.00370965
3,0.00374735
3,0.0037767
3,0.00667627
3,0.00375496
3,0.0043637
3,0.00424206
3,0.00356959
3,0.00363225
3,0.00349257
3,0.00356903
3,0.00372669
3,0.00354875
3,0.00374953
3,0.00359423
3,0.00683681
3,0.00356808
3,0.0036212
3,0.00367036
3,0.00429718
3,0.00430233
3,0.00443588
3,0.00380272
3,0.00371434
5,0.00431448
5,0.00415512
5,0.00355113
5,0.00414518
5,0.00391844
5,0.0035498
5,0.00361594
5,0.00473345
5,0.00355899
5,0.00363778
5,0.00438684
5,0.00435329
4,0.00453012
4,0.00583829
4,0.00477979
4,0.00436856
4,0.00431221
4,0.00657027
4,0.00372072
4,0.00364878
4,0.00671647
4,0.00380328
4,0.00430129
4,0.00372002
4,0.0043775
4,0.00446216
4,0.00367732
4,0.00389762
4,0.00377346
4,0.00352337
5,0.00385126
5,0.00407421
5,0.00432528
5,0.00432174
5,0.0043582
5,0.00459849
5,0.00486658
5,0.00440522
5,0.00676211
5,0.00366464
5,0.00378433
5,0.0057131
5,0.00357072
5,0.00384141
3,0.00407252
3,0.00363542
3,0.00358087
3,0.00350126
3,0.00418142
3,0.00374788
3,0.00378449
3,0.00369487
3,0.00447397
3,0.0101113
3,0.00361136
3,0.00365372
3,0.00379681
3,0.0036128
3,0.00389923
3,0.00446006
3,0.00657209
3,0.00366642
3,0.00377091
3,0.00382491
3,0.0039593
3,0.0044631
3,0.00440118
3,0.0038341
3,0.00384765
3,0.00341487
3,0.00354661
5,0.00423101
5,0.00409034
4,0.00356269
4,0.00356345
4,0.00368354
4,0.00419948
4,0.00437543
4,0.00437046
4,0.00649168
4,0.00363233
4,0.00374161
4,0.00367683
4,0.00438034
4,0.00426707
4,0.0045476
4,0.00370926
4,0.00603285
4,0.0038904
4,0.00443352
4,0.00656601
4,0.00374699
4,0.00705763
4,0.00374256
4,0.00393083
4,0.00654718
4,0.00372479
4,0.00424491
4,0.00648442
4,0.00353972
4,0.00662802
4,0.00373474
4,0.00673254
4,0.00449849
4,0.00421232
4,0.00417823
4,0.00352216
4,0.00348674
4,0.00416096
4,0.00422015
4,0.0043029
4,0.00412965
4,0.00367022
4,0.00401522
4,0.00418841
4,0.00687251
9,0.00426369
9,0.00421756
9,0.00374241
9,0.00364745
9,0.00436535
9,0.00660256
9,0.00428243
9,0.00404666
9,0.00384847
9,0.00357637
9,0.00373197
9,0.00361007
9,0.00416311
9,0.00430013
9,0.00463274
9,0.00441903
9,0.00439489
9,0.00441364
9,0.0067542
9,0.00369842
9,0.00383035
9,0.00379931
9,0.00661854
9,0.00378818
9,0.00376965
9,0.00416367
9,0.00457948
9,0.00390506
9,0.00438668
9,0.00457634
9,0.00448939
9,0.00438395
8,0.0038222
8,0.00442127
8,0.00442164
8,0.00453791
8,0.0044053
8,0.00385204
8,0.00395431
8,0.00378538
8,0.00666047
8,0.00861377
8,0.00366911
8,0.00403653
8,0.00362135
8,0.00459666
8,0.00588451
8,0.0040971
8,0.00375795
8,0.00452054
8,0.00426511
8,0.00411364
8,0.00420472
8,0.0035744
8,0.00412015
8,0.00376317
8,0.0037418
8,0.00372064
8,0.00431065
8,0.00368473
8,0.00406048
8,0.00454109
8,0.00382734
8,0.00409235
8,0.00397541
8,0.00399193
8,0.004497
8,0.00456072
8,0.00384394
8,0.00373244
8,0.00369809
8,0.00416568
8,0.00410633
8,0.0036167
8,0.00419256
8,0.00374758
8,0.00394911
8,0.00390569
8,0.00426745
8,0.00431151
8,0.00431723
6,0.00429265
6,0.0043641
6,0.00440465
6,0.00434884
6,0.00429241
6,0.00431068
6,0.00379465
6,0.00425036
6,0.00393714
6,0.00427799
6,0.00388536
6,0.00396652
6,0.00479103
6,0.00457722
6,0.00440317
6,0.00450457
6,0.00380895
6,0.0037722
6,0.00449603
6,0.00443286
6,0.00432116
6,0.00598026
6,0.00375393
6,0.00443103
6,0.00449456
6,0.004504
6,0.00444761
6,0.00670267
6,0.00362153
6,0.00373911
6,0.0036796
6,0.00366495
6,0.00369341
6,0.00365032
6,0.00661711
6,0.003715
6,0.00374076
12,0.106215
12,0.00422528
12,0.00620709
12,0.00377105
12,0.00427531
12,0.00394562
12,0.0042974
12,0.00372708
12,0.0036911
9,0.00385005
9,0.00417342
9,0.00693177
9,0.0037293
9,0.00384461
9,0.00382603
9,0.0103016
9,0.00418149
9,0.00520838
9,0.00434777
9,0.00373121
9,0.00462009
9,0.00409249
9,0.00387459
9,0.00401777
9,0.00418303
9,0.00377739
9,0.00439581
9,0.00355488
9,0.00392995
9,0.00381184
9,0.00369776
9,0.00463336
9,0.00372602
9,0.00652012
9,0.00378278
9,0.00427428
9,0.00402365
9,0.0036753
9,0.00416368
9,0.00381004
9,0.0048224
9,0.00401817
9,0.0037575
9,0.00654101
9,0.00375366
9,0.00414083
9,0.00403122
6,0.00411665
6,0.00371118
6,0.00436032
6,0.00355817
6,0.00430343
6,0.00366088
6,0.00376614
6,0.00349954
6,0.00370225
6,0.00455844
6,0.00377842
6,0.00566434
6,0.00366318
6,0.00452609
6,0.00352046
6,0.00423456
6,0.00407141
6,0.0055115
6,0.00355479
6,0.00616737
6,0.00361698
6,0.00418691
6,0.00437901
6,0.00367632
6,0.00393646
6,0.0046026
6,0.00393165
6,0.00441037
6,0.00386475
6,0.00426141
6,0.00439455
6,0.00359972
6,0.00379703
6,0.00436197
6,0.00661763
6,0.00379287
6,0.00376803
6,0.00432913
6,0.00429162
6,0.00646206
6,0.0053781
6,0.00680568
6,0.00389594
6,0.00390834
6,0.00358129
6,0.00653662
6,0.003653
6,0.00555986
6,0.00387179
6,0.00459196
6,0.00450732
6,0.00447972
6,0.00367648
6,0.00428139
6,0.00450623
6,0.00460589
6,0.00448808
6,0.00651972
6,0.00357511
6,0.00665636
6,0.00395543
6,0.00362052
6,0.00649852
6,0.00407237
6,0.00646971
6,0.00370667
6,0.00380454
6,0.00435752
6,0.00370326
6,0.00431124
6,0.0044712
6,0.00451888
6,0.00650331
6,0.00356842
6,0.00593852
6,0.00656506
6,0.00432647
6,0.00360687
12,0.119692
12,0.00372379
12,0.00532935
12,0.00372727
12,0.00459887
12,0.00434876
12,0.00450864
12,0.00522304
12,0.00442089
12,0.00617385
12,0.00450797
12,0.00513114
12,0.00436082
12,0.00525695
12,0.00436426
12,0.00368061
12,0.00553195
12,0.00808642
12,0.00451669
12,0.00436929
12,0.00428896
12,0.00462908
12,0.00598708
12,0.00439659
12,0.00457848
12,0.00402605
12,0.00380709
12,0.00527872
12,0.00420545
12,0.00662661
12,0.00349476
12,0.00434097
12,0.00366104
12,0.0437202
12,0.0352725
12,0.00389191
12,0.0049112
12,0.00506195
12,0.00432695
12,0.00471766
12,0.00400376
12,0.00859593
12,0.00360957
12,0.00363756
15,0.0371763
15,0.00417106
15,0.00408076
15,0.0113427
15,0.00395368
15,0.0050801
15,0.00743984
15,0.00350749
15,0.00573576
15,0.0037888
15,0.00429381
15,0.00469343
15,0.00440191
15,0.00460745
15,0.00521355
15,0.00610196
15,0.0052539
15,0.00601366
15,0.00689561
15,0.00355301
15,0.00433657
15,0.0049881
15,0.00408701
15,0.00802917
15,0.00374438
15,0.00374003
12,0.00435498
12,0.00466401
12,0.0074432
12,0.00435567
12,0.003751
8,0.00433487
12,0.0397147
15,0.0129783
12,0.00438161
12,0.00399832
12,0.0038737
12,0.00446428
12,0.0109838
12,0.00426325
12,0.00435183
12,0.00519952
12,0.0035197
12,0.00419487
12,0.00418414
12,0.00366789
12,0.00450159
12,0.00420411
12,0.00406835
12,0.00416917
12,0.0037541
12,0.00390777
15,0.00375414
15,0.00435149
15,0.00681647
15,0.0044574
15,0.00382621
15,0.00478149
15,0.00371827
15,0.00614605
15,0.00352598
15,0.00498388
15,0.00406047
15,0.00451469
15,0.00445575
15,0.0044946
15,0.0051501
15,0.00395433
15,0.003978
15,0.00374847
15,0.00399643
15,0.00382317
15,0.00544657
15,0.00459539
15,0.00462537
15,0.0041862
15,0.00425669
15,0.00564062
8,0.00381219
8,0.00432642
12,0.0420441
12,0.00446636
12,0.00517355
12,0.00408581
12,0.00490035
12,0.00426559
12,0.00719575
12,0.00435622
12,0.00386363
15,0.0222173
12,0.00367639
12,0.00480514
12,0.00674178
12,0.0043173
12,0.00417139
12,0.00450153
12,0.00375253
12,0.00433617
12,0.0040159
12,0.00427714
12,0.00437248
12,0.00399708
12,0.0041583
12,0.00494278
12,0.00370582
12,0.00479555
12,0.00448403
12,0.00501951
12,0.00462006
12,0.00474816
12,0.00433711
12,0.00424938
12,0.00440993
12,0.00455694
12,0.00454435
12,0.00504978
12,0.00447468
12,0.00386155
12,0.00579135
12,0.00438553
8,0.00410517
8,0.00509716
12,0.0427875
12,0.0130344
12,0.00490814
12,0.00380837
12,0.00540345
12,0.00390275
12,0.00688965
12,0.00518591
12,0.00447862
12,0.005079
15,0.0206888
12,0.00437144
8,0.00445893
8,0.0044402
8,0.0054128
8,0.00388924
8,0.00457539
8,0.00373941
8,0.00539856
8,0.00348845
8,0.00456397
8,0.00537502
8,0.00371376
8,0.00430578
8,0.00442162
8,0.00436445
8,0.00579315
8,0.00663152
8,0.00385977
8,0.0038444
8,0.00385867
8,0.00587504
8,0.00392302
8,0.00434338
8,0.00443735
8,0.00769465
8,0.00612745
15,0.337528
12,0.0555279
12,0.00688388
12,0.00751668
12,0.00456663
12,0.00415531
12,0.00475196
12,0.00693734
12,0.0041074
12,0.00476434
12,0.00685949
12,0.00402892
12,0.00387899
12,0.00918215
12,0.00379494
12,0.00425979
12,0.00455822
12,0.00660421
12,0.00446648
12,0.00437242
15,0.00441057
12,0.0158283
8,0.00440821
12,0.317533
12,0.0827478
12,0.00409344
12,0.00586611
12,0.00384302
12,0.00399066
12,0.00522955
12,0.00380232
12,0.00436918
12,0.00436685
15,0.00426794
12,0.00373298
12,0.00368356
12,0.00414246
12,0.00426681
8,0.00433594
12,0.317468
12,0.00510536
12,0.003759
12,0.00461685
12,0.00431183
12,0.00454145
12,0.00718037
12,0.00473747
12,0.00415763
12,0.00421194
12,0.00404552
12,0.00457225
15,0.0982383
12,0.00391922
12,0.00466634
12,0.00411659
12,0.00359968
12,0.00433183
12,0.00490147
12,0.0043715
12,0.00404961
12,0.00360214
12,0.00500481
12,0.00374389
12,0.00391915
12,0.00435356
12,0.0042194
12,0.00521668
12,0.00400173
12,0.00469955
12,0.00368241
12,0.00470002
12,0.00385868
12,0.00516138
12,0.00675654
12,0.00456451
12,0.00390115
8,0.00495844
8,0.00462956
12,0.11145
12,0.0117841
12,0.00436717
12,0.00421021
12,0.00390327
12,0.00515874
12,0.00462727
12,0.00367536
12,0.00426536
12,0.00460183
12,0.00486825
12,0.00464483
12,0.00358753
12,0.00458487
12,0.00466023
12,0.00656065
12,0.00433101
12,0.00452298
12,0.00655311
12,0.00349531
12,0.00423013
12,0.00418684
12,0.00392292
12,0.00462933
12,0.0100999
12,0.00885114
12,0.00408751
12,0.00555357
12,0.0044435
12,0.0114974
12,0.0100159
12,0.00526321
8,0.00369578
8,0.00378504
8,0.00381892
8,0.00559809
8,0.00418915
8,0.00514379
8,0.00428356
8,0.00768671
8,0.00421137
8,0.0046256
8,0.00442309
8,0.00381544
8,0.00418725
8,0.00528111
8,0.00363761
8,0.00550004
8,0.00383602
8,0.0036747
8,0.0047553
8,0.00366846
8,0.00415347
8,0.00382633
8,0.00687464
8,0.00425935
8,0.00481187
8,0.00584846
8,0.00350184
8,0.00391835
8,0.00672258
8,0.00377303
8,0.00979886
8,0.00405441
8,0.00380241
8,0.0069999
8,0.00474109
8,0.00361019
8,0.00665093
4,0.00481144
4,0.00907895
4,0.00411608
5,0.00446915
4,0.00467946
4,0.00363604
4,0.00451551
4,0.0045197
4,0.00794135
4,0.00424098
4,0.00495095
4,0.00471416
4,0.00583135
4,0.00386028
4,0.00453164
4,0.00628982
4,0.00366775
4,0.00548681
4,0.00360789
4,0.00485072
4,0.00391358
4,0.00438966
4,0.00505384
4,0.00372769
4,0.00405979
4,0.00498481
4,0.00418042
4,0.00485206
4,0.00348461
4,0.00579156
4,0.00462242
4,0.00416566
4,0.00433749
4,0.00373129
4,0.0063551
4,0.0040564
4,0.00412093
4,0.00433822
4,0.0046075
4,0.00955969
0,0.00421318
0,0.0039028
0,0.00449417
0,0.00506751
0,0.00360035
0,0.00555497
0,0.00380335
0,0.00453605
0,0.00433355
0,0.00378313
0,0.00485309
0,0.00458407
0,0.00376876
0,0.0058426
0,0.00433669
0,0.00457203
0,0.00452933
0,0.00376503
0,0.00473883
0,0.00391282
0,0.00385072
0,0.00375351
4,0.0701106
5,0.00388888
4,0.00437401
4,0.00379643
4,0.00771817
4,0.00360499
4,0.00389532
4,0.003658
4,0.00376292
4,0.00368128
4,0.00498909
4,0.00432303
4,0.00434087
4,0.00427771
4,0.00445751
4,0.00390903
4,0.00772009
4,0.00699952
4,0.00365815
4,0.00420984
4,0.00421565
4,0.00429035
4,0.0043256
4,0.00394096
4,0.00357603
4,0.00451873
4,0.00451054
4,0.00443313
4,0.00460496
4,0.00364841
4,0.00443519
4,0.00664264
4,0.00350101
4,0.00664827
8,0.0039406
8,0.00372297
8,0.00372737
8,0.00913245
8,0.00377554
8,0.00375182
8,0.00421967
8,0.00453222
8,0.00414358
8,0.00414619
8,0.00475931
8,0.00377232
8,0.00466585
8,0.00404177
8,0.00457701
8,0.0037811
8,0.00635914
8,0.00381263
8,0.00441218
8,0.00663931
8,0.00389732
8,0.00680988
8,0.0036332
8,0.00674102
8,0.00389185
8,0.00656682
8,0.0036758
8,0.00690941
8,0.0038311
8,0.00416263
8,0.00444166
12,0.00433356
12,0.00445457
12,0.00418981
12,0.00708304
12,0.00396298
12,0.00845071
12,0.0057838
8,0.0034824
8,0.00420118
8,0.00355506
8,0.0056384
8,0.00378485
8,0.00455672
8,0.00532535
8,0.0038182
8,0.00377037
8,0.0041511
8,0.00440132
8,0.00378268
8,0.00441808
8,0.00382196
8,0.00653764
8,0.00372464
8,0.00668721
8,0.00374481
8,0.00367928
8,0.00405644
8,0.00446262
8,0.00390485
8,0.00455286
8,0.00462148
8,0.00660307
8,0.00378699
8,0.00379603
8,0.00409355
8,0.00677806
8,0.00378333
8,0.00625242
8,0.00663215
8,0.00429717
8,0.00433805
8,0.00692393
8,0.00375958
8,0.00660773
8,0.00390234
8,0.00490057
8,0.00660351
8,0.00357858
8,0.00384042
8,0.00400162
8,0.00452837
8,0.0044886
8,0.00450649
8,0.00370283
8,0.00443073
8,0.00459446
